# CivOne advisor badges — 28x28 ministry emblems shown beside advisor
# messages, and used for the spy report popup (Icons.Spy) in place of the
# original SP299 portrait.
#
# Format: [section] then 28 rows of 28 palette indices (space separated).
# Sections: defense domestic foreign science intelligence
# Index 0 is transparent, so the badge reads as a roundel rather than a square.
#
# Cassette palette quick reference:
#   1 near-black   2 panel dark   3 raised    4 input well   5 border
#   6 ink low      7 ink mid      8 ink high  9-10 faint amber
#  11 dim amber   12 amber       13 bright amber
#  14 green       15 near-white  16 red      17 cyan        18 ocean blue
#
# Edit and reload in-game with Debug -> Reload Free Tiles.

[defense]
0  0  0  0  0  0  0  0  0  0  5  5  5  5  5  5  5  5  0  0  0  0  0  0  0  0  0  0
0  0  0  0  0  0  0  0  5  5  2 11 11 11 11 11 11  2  5  5  0  0  0  0  0  0  0  0
0  0  0  0  0  0  5  5 11 11 11  2  2  2  2  2  2 11 11 11  5  5  0  0  0  0  0  0
0  0  0  0  0  5  2 11  2  2  2  2  2  2  2  2  2  2  2  2 11  2  5  0  0  0  0  0
0  0  0  0  5 11 11  2  2  2  2  2  2  2  2  2  2  2  2  2  2 11 11  5  0  0  0  0
0  0  0  5 11  2  2  2  2  2  2  2  2  2  2  2  2  2  2  2  2  2  2 11  5  0  0  0
0  0  5  2 11  2  2  2 12 12 12 12 12 12 12 12 12 12 12 12 12  2  2 11  2  5  0  0
0  0  5 11  2  2  2  2 12  2  2  2  2  2  2  2  2  2  2  2 12  2  2  2 11  5  0  0
0  5 11  2  2  2  2  2 12 11  2  2  2  2  2  2  2  2  2 11 12  2  2  2  2 11  5  0
0  5 11  2  2  2  2  2 12  2 11  2  2  2  2  2  2  2 11  2 12  2  2  2  2 11  5  0
5  2 11  2  2  2  2  2 12  2  2 11  2  2  2  2  2 11  2  2 12  2  2  2  2 11  2  5
5 11  2  2  2  2  2  2 12  2  2  2 13  2  2  2 13  2  2  2 12  2  2  2  2  2 11  5
5 11  2  2  2  2  2  2 12  2  2  2  2 13  2 13  2  2  2  2 12  2  2  2  2  2 11  5
5 11  2  2  2  2  2  2 12  2  2  2  2  2 13  2  2  2  2  2 12  2  2  2  2  2 11  5
5 11  2  2  2  2  2  2 12  2  2  2  2  2 13  2  2  2  2  2 12  2  2  2  2  2 11  5
5 11  2  2  2  2  2  2  2 12  2  2  2 13  2 13  2  2  2 12  2  2  2  2  2  2 11  5
5 11  2  2  2  2  2  2  2 12  2  2 13  2  2  2 13  2 12  2  2  2  2  2  2  2 11  5
5  2 11  2  2  2  2  2  2  2 12 13  2  2  2  2  2 13 12  2  2  2  2  2  2 11  2  5
0  5 11  2  2  2  2  2  2  2 13 12  2  2  2  2  2 12 13  2  2  2  2  2  2 11  5  0
0  5 11  2  2  2  2  2  2  2  2  2 12  2  2  2 12  2  2  2  2  2  2  2  2 11  5  0
0  0  5 11  2  2  2  2  2  2  2  2 12  2  2 12  2  2  2  2  2  2  2  2 11  5  0  0
0  0  5  2 11  2  2  2  2  2  2  2  2 12  2 12  2  2  2  2  2  2  2 11  2  5  0  0
0  0  0  5 11  2  2  2  2  2  2  2  2  2 12  2  2  2  2  2  2  2  2 11  5  0  0  0
0  0  0  0  5 11 11  2  2  2  2  2  2  2  2  2  2  2  2  2  2 11 11  5  0  0  0  0
0  0  0  0  0  5  2 11  2  2  2  2  2  2  2  2  2  2  2  2 11  2  5  0  0  0  0  0
0  0  0  0  0  0  5  5 11 11 11  2  2  2  2  2  2 11 11 11  5  5  0  0  0  0  0  0
0  0  0  0  0  0  0  0  5  5  2 11 11 11 11 11 11  2  5  5  0  0  0  0  0  0  0  0
0  0  0  0  0  0  0  0  0  0  5  5  5  5  5  5  5  5  0  0  0  0  0  0  0  0  0  0

[domestic]
0  0  0  0  0  0  0  0  0  0  5  5  5  5  5  5  5  5  0  0  0  0  0  0  0  0  0  0
0  0  0  0  0  0  0  0  5  5  2 11 11 11 11 11 11  2  5  5  0  0  0  0  0  0  0  0
0  0  0  0  0  0  5  5 11 11 11  2  2  2  2  2  2 11 11 11  5  5  0  0  0  0  0  0
0  0  0  0  0  5  2 11  2  2  2  2  2  2  2  2  2  2  2  2 11  2  5  0  0  0  0  0
0  0  0  0  5 11 11  2  2  2  2  2  2  2  2  2  2  2  2  2  2 11 11  5  0  0  0  0
0  0  0  5 11  2  2  2  2  2  2  2  2  2  2  2  2  2  2  2  2  2  2 11  5  0  0  0
0  0  5  2 11  2  2  2  2  2  2  2  2  2 13  2  2  2  2  2  2  2  2 11  2  5  0  0
0  0  5 11  2  2  2  2  2  2  2  2  2 13 12 13  2  2  2  2  2  2  2  2 11  5  0  0
0  5 11  2  2  2  2  2  2  2  2  2 13 12 12 12 13  2  2  2  2  2  2  2  2 11  5  0
0  5 11  2  2  2  2  2  2  2 13 13 12 12 12 12 12 13  2  2  2  2  2  2  2 11  5  0
5  2 11  2  2  2  2  2  2 13 12 12 12 12 12 12 12 12 13 13  2  2  2  2  2 11  2  5
5 11  2  2  2  2  2  2 13 12 12 12 12 12 12 12 12 12 12 12 13  2  2  2  2  2 11  5
5 11  2  2  2  2  2 13 12 12 12 12 12 12 12 12 12 12 12 12 12 13  2  2  2  2 11  5
5 11  2  2  2  2 13 13 13 12 12 12 12 12 12 12 12 12 12 12 13 13 13  2  2  2 11  5
5 11  2  2  2  2  2  2  2 12  2  2  2  2  2  2  2  2  2 12  2  2  2  2  2  2 11  5
5 11  2  2  2  2  2  2  2 12  2  2  2  2 13  2  2  2  2 12  2  2  2  2  2  2 11  5
5 11  2  2  2  2  2  2  2 12  2  2  2  2 13  2  2  2  2 12  2  2  2  2  2  2 11  5
5  2 11  2  2  2  2  2  2 12  2  2  2 13 16 13  2  2  2 12  2  2  2  2  2 11  2  5
0  5 11  2  2  2  2  2  2 12  2  2  2 13 16 13  2  2  2 12  2  2  2  2  2 11  5  0
0  5 11  2  2  2  2  2  2 12  2  2 13 13 16 13 13  2  2 12  2  2  2  2  2 11  5  0
0  0  5 11  2  2  2  2  2 12  2  2 13 13 16 13 13  2  2 12  2  2  2  2 11  5  0  0
0  0  5  2 11  2  2  2  2 12 12 13 13 13 16 13 13 13 12 12  2  2  2 11  2  5  0  0
0  0  0  5 11  2  2  2  2  2  2  2  2  2  2  2  2  2  2  2  2  2  2 11  5  0  0  0
0  0  0  0  5 11 11  2  2  2  2  2  2  2  2  2  2  2  2  2  2 11 11  5  0  0  0  0
0  0  0  0  0  5  2 11  2  2  2  2  2  2  2  2  2  2  2  2 11  2  5  0  0  0  0  0
0  0  0  0  0  0  5  5 11 11 11  2  2  2  2  2  2 11 11 11  5  5  0  0  0  0  0  0
0  0  0  0  0  0  0  0  5  5  2 11 11 11 11 11 11  2  5  5  0  0  0  0  0  0  0  0
0  0  0  0  0  0  0  0  0  0  5  5  5  5  5  5  5  5  0  0  0  0  0  0  0  0  0  0

[foreign]
0  0  0  0  0  0  0  0  0  0  5  5  5  5  5  5  5  5  0  0  0  0  0  0  0  0  0  0
0  0  0  0  0  0  0  0  5  5  2 11 11 11 11 11 11  2  5  5  0  0  0  0  0  0  0  0
0  0  0  0  0  0  5  5 11 11 11  2  2  2  2  2  2 11 11 11  5  5  0  0  0  0  0  0
0  0  0  0  0  5  2 11  2  2  2  2  2  2  2  2  2  2  2  2 11  2  5  0  0  0  0  0
0  0  0  0  5 11 11  2  2  2  2  2  2  2  2  2  2  2  2  2  2 11 11  5  0  0  0  0
0  0  0  5 11  2  2  2  2  2  2  2  2  2  2  2  2  2  2  2  2  2  2 11  5  0  0  0
0  0  5  2 11  2  2  2  2  2  2 12 11 11 11 12 12  2  2  2  2  2  2 11  2  5  0  0
0  0  5 11  2  2  2  2  2  2 12 11  2 12  2 11  2 12  2  2  2  2  2  2 11  5  0  0
0  5 11  2  2  2  2  2 12 12 11  2  2 12  2  2 11  2 12 12  2  2  2  2  2 11  5  0
0  5 11  2  2  2  2  2 12  2 11  2  2 12  2  2 11  2  2 12  2  2  2  2  2 11  5  0
5  2 11  2  2  2  2 12  2 11  2 13  2 12  2  2  2 11  2  2 12  2  2  2  2 11  2  5
5 11  2  2  2  2 12  2  2 11  2  2  2 12  2  2  2 11  2  2  2 12  2  2  2  2 11  5
5 11  2  2  2  2 12  2  2 11  2  2  2 12  2  2  2 11  2  2  2 12  2  2  2  2 11  5
5 11  2  2  2  2 12 12 12 11 12 12 12 12 12 12 12 11 12 12 12 12  2  2  2  2 11  5
5 11  2  2  2  2 12  2  2 11  2  2  2 12  2  2  2 11  2  2  2 12  2  2  2  2 11  5
5 11  2  2  2  2 12  2  2 11  2  2  2 12  2  2  2 11  2  2  2 12  2  2  2  2 11  5
5 11  2  2  2  2 12  2  2 11  2  2  2 12  2  2 13 11  2  2  2 12  2  2  2  2 11  5
5  2 11  2  2  2  2 12  2 11  2  2  2 12  2  2  2 11  2  2 12  2  2  2  2 11  2  5
0  5 11  2  2  2  2  2 12  2 11  2  2 12  2  2 11  2  2 12  2  2  2  2  2 11  5  0
0  5 11  2  2  2  2  2 12 12 11  2  2 12  2  2 11  2 12 12  2  2  2  2  2 11  5  0
0  0  5 11  2  2  2  2  2  2 12 11  2 12  2 11  2 12  2  2  2  2  2  2 11  5  0  0
0  0  5  2 11  2  2  2  2  2  2 12 11 11 11 12 12  2  2  2  2  2  2 11  2  5  0  0
0  0  0  5 11  2  2  2  2  2  2  2  2  2  2  2  2  2  2  2  2  2  2 11  5  0  0  0
0  0  0  0  5 11 11  2  2  2  2  2  2  2  2  2  2  2  2  2  2 11 11  5  0  0  0  0
0  0  0  0  0  5  2 11  2  2  2  2  2  2  2  2  2  2  2  2 11  2  5  0  0  0  0  0
0  0  0  0  0  0  5  5 11 11 11  2  2  2  2  2  2 11 11 11  5  5  0  0  0  0  0  0
0  0  0  0  0  0  0  0  5  5  2 11 11 11 11 11 11  2  5  5  0  0  0  0  0  0  0  0
0  0  0  0  0  0  0  0  0  0  5  5  5  5  5  5  5  5  0  0  0  0  0  0  0  0  0  0

[science]
0  0  0  0  0  0  0  0  0  0  5  5  5  5  5  5  5  5  0  0  0  0  0  0  0  0  0  0
0  0  0  0  0  0  0  0  5  5  2 11 11 11 11 11 11  2  5  5  0  0  0  0  0  0  0  0
0  0  0  0  0  0  5  5 11 11 11  2  2  2  2  2  2 11 11 11  5  5  0  0  0  0  0  0
0  0  0  0  0  5  2 11  2  2  2  2  2  2  2  2  2  2  2  2 11  2  5  0  0  0  0  0
0  0  0  0  5 11 11  2  2  2  2  2  2  2  2  2  2  2  2  2  2 11 11  5  0  0  0  0
0  0  0  5 11  2  2  2  2  2  2  2  2  2  2  2  2  2  2  2  2  2  2 11  5  0  0  0
0  0  5  2 11  2  2  2  2  2  2 13 12 13 13 12 13  2  2  2  2  2  2 11  2  5  0  0
0  0  5 11  2  2  2  2  2  2  2  2 12  2  2 12  2  2  2  2  2  2  2  2 11  5  0  0
0  5 11  2  2  2  2  2  2  2  2  2 12  2  2 12  2  2  2  2  2  2  2  2  2 11  5  0
0  5 11  2  2  2  2  2  2  2  2  2 12  2  2 12  2  2  2  2  2  2  2  2  2 11  5  0
5  2 11  2  2  2  2  2  2  2  2  2 12  2  2 12  2  2  2  2  2  2  2  2  2 11  2  5
5 11  2  2  2  2  2  2  2  2  2  2 12 12 12 12  2  2  2  2  2  2  2  2  2  2 11  5
5 11  2  2  2  2  2  2  2  2  2  2 12  2  2 12  2  2  2  2  2  2  2  2  2  2 11  5
5 11  2  2  2  2  2  2  2  2  2 12  2  2  2 17 12  2  2  2  2  2  2  2  2  2 11  5
5 11  2  2  2  2  2  2  2  2  2 12  2  2  2  2 12  2  2  2  2  2  2  2  2  2 11  5
5 11  2  2  2  2  2  2  2  2 12  2  2 17  2  2  2 12  2  2  2  2  2  2  2  2 11  5
5 11  2  2  2  2  2  2  2  2 12  2  2  2  2  2  2 12  2  2  2  2  2  2  2  2 11  5
5  2 11  2  2  2  2  2  2 11 11 11 11 11 11 11 11 11 11  2  2  2  2  2  2 11  2  5
0  5 11  2  2  2  2  2  2 11 11 11 11 11 11 11 11 11 11  2  2  2  2  2  2 11  5  0
0  5 11  2  2  2  2  2  2 11 11 11 11 11 11 11 11 11 11  2  2  2  2  2  2 11  5  0
0  0  5 11  2  2  2  2 12 11 11 11 11 11 11 11 11 11 11 12  2  2  2  2 11  5  0  0
0  0  5  2 11  2  2  2 12 12 12 12 12 12 12 12 12 12 12 12  2  2  2 11  2  5  0  0
0  0  0  5 11  2  2  2  2  2  2  2  2  2  2  2  2  2  2  2  2  2  2 11  5  0  0  0
0  0  0  0  5 11 11  2  2  2  2  2  2  2  2  2  2  2  2  2  2 11 11  5  0  0  0  0
0  0  0  0  0  5  2 11  2  2  2  2  2  2  2  2  2  2  2  2 11  2  5  0  0  0  0  0
0  0  0  0  0  0  5  5 11 11 11  2  2  2  2  2  2 11 11 11  5  5  0  0  0  0  0  0
0  0  0  0  0  0  0  0  5  5  2 11 11 11 11 11 11  2  5  5  0  0  0  0  0  0  0  0
0  0  0  0  0  0  0  0  0  0  5  5  5  5  5  5  5  5  0  0  0  0  0  0  0  0  0  0

[intelligence]
0  0  0  0  0  0  0  0  0  0  5  5  5  5  5  5  5  5  0  0  0  0  0  0  0  0  0  0
0  0  0  0  0  0  0  0  5  5  2 11 11 11 11 11 11  2  5  5  0  0  0  0  0  0  0  0
0  0  0  0  0  0  5  5 11 11 11  2  2  2  2  2  2 11 11 11  5  5  0  0  0  0  0  0
0  0  0  0  0  5  2 11  2  2  2  2  2  2  2  2  2  2  2  2 11  2  5  0  0  0  0  0
0  0  0  0  5 11 11  2  2  2  2  2  2  2  2  2  2  2  2  2  2 11 11  5  0  0  0  0
0  0  0  5 11  2  2  2  2  2  2  2  2  2  2  2  2  2  2  2  2  2  2 11  5  0  0  0
0  0  5  2 11  2  2  2  2  2  2  2  2  2  2  2  2  2  2  2  2  2  2 11  2  5  0  0
0  0  5 11  2  2  2  2  2  2  2  2  2  2 12  2  2  2  2  2  2  2  2  2 11  5  0  0
0  5 11  2  2  2  2  2  2  2  2  2 12 12  2 12 12  2  2  2  2  2  2  2  2 11  5  0
0  5 11  2  2  2  2  2  2  2  2 12  2  2  2  2  2 12  2  2  2  2  2  2  2 11  5  0
5  2 11  2  2  2  2  2  2 12 12  2  2 13 13 13  2  2 12  2  2  2  2  2  2 11  2  5
5 11  2  2  2  2  2  2 12  2  2 13 13 12 12 12 13 13  2 12 12  2  2  2  2  2 11  5
5 11  2  2  2  2  2 12  2  2  2 13 12  5  5  5 12 13  2  2  2 12  2  2  2  2 11  5
5 11  2  2  2 12 12  2  2  2 13 12  5 13  5  5  5 12 13  2  2  2 12 12  2  2 11  5
5 11  2  2 12  2  2  2  2  2 13 12  5  5  5  5  5 12 13  2  2  2  2  2 12  2 11  5
5 11  2  2  2 12 12  2  2  2 13 12  5  5  5  5  5 12 13  2  2  2 12 12  2  2 11  5
5 11  2  2  2  2  2 12  2  2  2 13 12  5  5  5 12 13  2  2  2 12  2  2  2  2 11  5
5  2 11  2  2  2  2  2 12 12  2 13 13 12 12 12 13 13  2  2 12  2  2  2  2 11  2  5
0  5 11  2  2  2  2  2  2  2 12  2  2 13 13 13  2  2 12 12  2  2  2  2  2 11  5  0
0  5 11  2  2  2  2  2  2  2  2 12  2  2  2  2  2 12  2  2  2  2  2  2  2 11  5  0
0  0  5 11  2  2  2  2  2  2  2  2 12 12  2 12 12  2  2  2  2  2  2  2 11  5  0  0
0  0  5  2 11  2  2  2  2  2  2  2  2  2 12  2  2  2  2  2  2  2  2 11  2  5  0  0
0  0  0  5 11  2  2  2  2  2  2  2  2  2  2  2  2  2  2  2  2  2  2 11  5  0  0  0
0  0  0  0  5 11 11  2  2  2  2  2  2  2  2  2  2  2  2  2  2 11 11  5  0  0  0  0
0  0  0  0  0  5  2 11  2  2  2  2  2  2  2  2  2  2  2  2 11  2  5  0  0  0  0  0
0  0  0  0  0  0  5  5 11 11 11  2  2  2  2  2  2 11 11 11  5  5  0  0  0  0  0  0
0  0  0  0  0  0  0  0  5  5  2 11 11 11 11 11 11  2  5  5  0  0  0  0  0  0  0  0
0  0  0  0  0  0  0  0  0  0  5  5  5  5  5  5  5  5  0  0  0  0  0  0  0  0  0  0
