# CivOne difficulty emblems — the five panels on the New Game difficulty
# screen, replacing the original DIFFS.PIC illustrations. Loaded by
# Free.Difficulties (src/Graphics/Free.cs); a missing section falls back to
# the procedural noise placeholder, so you can delete one and keep the rest.
#
# Format: [section] then 41 rows of 47 palette indices (space separated).
# Section names are the difficulty levels: chieftain warlord prince king emperor.
# Index 0 is transparent and lets the cream panel face show through — these
# emblems paint their own dark background (2) instead, so avoid 0 unless you
# want a cut-out.
#
# Cassette palette quick reference:
#   1 near-black   2 panel dark   3 raised    4 input well   5 border
#   6 ink low      7 ink mid      8 ink high  9-10 faint amber
#  11 dim amber   12 amber       13 bright amber
#  14 green       15 near-white  16 red      17 cyan        18 ocean blue
#
# Edit and reload in-game with Debug -> Reload Free Tiles.

[chieftain]
 5  5  5  5  5  5  5  5  5  5  5  5  5  5  5  5  5  5  5  5  5  5  5  5  5  5  5  5  5  5  5  5  5  5  5  5  5  5  5  5  5  5  5  5  5  5  5
 5  2  2  2  2  2  2  2  2  2  2  2  2  2  2  2  2  2  2  2  2  2  2  2  2  2  2  2  2  2  2  2  2  2  2  2  2  2  2  2  2  2  2  2  2  2  5
 5  2  2  2  2  2  2  2  2  2  2  2  2  2  2  2  2  2  2  2  2  2  2  2  2  2  2  2  2  2  2  2  2  2  2  2  2  2  2  2  2  2  2  2  2  2  5
 5  2  2  2  2  2  2  2  2  2  2  2  2  2  2  2  2  2  2  2  2  2  2  2  2  2  2  2  2  2  2  2  2  2  2  2  2  2  2  2  2  2  2  2  2  2  5
 5  2  2  2  2  2  2  2  2  2  2  2  2  2  2  2  2  2  2  2  2  2  2  2  2  2  2  2  2  2  2  2  2  2  2  2  2  2  2  2  2  2  2  2  2  2  5
 5  2  2  2  2  2  2  2  2  2  2  2  2  2  2  2  2  2  2  2  2  2  2  2  2  2  2  2  2  2  2  2  2  2  2  2  2  2  2  2  2  2  2  2  2  2  5
 5  2  2  2  2  2  2  2  2  2  2  2  2  2  2  2  2  2  2  2  2  2  2  2  2  2  2  2  2  2  2  2  2  2  2  2  2  2  2  2  2  2  2  2  2  2  5
 5  2  2  2  2  2  2  2  2  2  2  2  2  2  2  2  2  2  2  2  2  2  2  2  2  2  2  2  2  2  2  2  2  2  2  2  2  2  2  2  2  2  2  2  2  2  5
 5  2  2  2  2  2  2  2  2  2  2  2  2  2  2  2  2  2  2  2  2  2  2  2  2  2  2  2  2  2  2  2  2  2  2  2  2  2  2  2  2  2  2  2  2  2  5
 5  2  2  2  2  2  2  2  2  2  2  2  2  2  2  2  2  2  2  2  2  2  2  2  2  2  2  2  2  2  2  2  2  2  2  2  2  2  2  2  2  2  2  2  2  2  5
 5  2  2  2  2  2  2  2  2  2  2  2  2  2  2  2  2  2  2  2  2  2  2  2  2  2  2  2  2  2  2  2  2  2  2  2  2  2  2  2  2  2  2  2  2  2  5
 5  2  2  2  2  2  2  2  2  2  2  2  2  2  2  2  2  2  2  2  2  2  2  2  2  2  2  2  2  2  2  2  2  2  2  2  2  2  2  2  2  2  2  2  2  2  5
 5  2  2  2  2  2  2  2  2  2  2  2  2  2  2  2  2  2  2  2  2  2  2  2  2  2  2  2  2  2  2  2  2  2  2  2  2  2  2  2  2  2  2  2  2  2  5
 5  2  2  2  2  2  2  2  2  2  2  2  2  2  2  2  2  2  2  2  2  2  2  2  2  2  2  2  2  2  2  2  2  2  2  2  2  2  2  2  2  2  2  2  2  2  5
 5  2  2  2  2  2  2  2  2  2  2  2  2  2  2  2  2  2  2  2  2  2  2  2  2  2  2  2  2  2  2  2  2  2  2  2  2  2  2  2  2  2  2  2  2  2  5
 5  2  2  2  2  2  2  2  2  2  2  2  2  2  2  2  2  2  2  2  2  2  2  2  2  2  2  2  2  2  2  2  2  2  2  2  2  2  2  2  2  2  2  2  2  2  5
 5  2  2  2  2  2  2  2  2  2  2  2  2  2  2  2  2  2  2  2  2  2  2  2  2  2  2  2  2  2  2  2  2  2  2  2  2  2  2  2  2  2  2  2  2  2  5
 5  2  2  2  2  2  2  2  2  2  2  2  2  2  2  2  2  2  2  2  2  2  2  2  2  2  2  2  2  2  2  2  2  2  2  2  2  2  2  2  2  2  2  2  2  2  5
 5  2  2  2  2  2  2  2  2  2  2  2  2  2  2  2  2  2  2  2  2  2  2  2  2  2  2  2  2  2  2  2  2  2  2  2  2  2  2  2  2  2  2  2  2  2  5
 5  2  2  2  2  2  2  2  2  2  2  2  2  2  2  2  2  2  2  2  2  2  2  2  2  2  2  2  2  2  2  2  2  2  2  2  2  2  2  2  2  2  2  2  2  2  5
 5  2  2  2  2  2  2  2  2  2  2  2  2  2  2  2  2  2  2  2  2  2  2  2  2  2  2  2  2  2  2  2  2  2  2  2  2  2  2  2  2  2  2  2  2  2  5
 5  2  2  2  2  2  2  2  2  2  2  2  2  2  2  2  2  2  2  2  2  2  2  2  2  2  2  2  2  2  2  2  2  2  2  2  2  2  2  2  2  2  2  2  2  2  5
 5  2  2  2  2  2  2  2  2  2  2  2  2  2  2  2  2  2  2  2  2  2  2  2  2  2  2  2  2  2  2  2  2  2  2  2  2  2  2  2  2  2  2  2  2  2  5
 5  2  2  2  2  2  2  2  2  2  2  2  2  2  2  2  2  2  2  2  2  2  2  2  2  2  2  2  2  2  2  2  2  2  2  2  2  2  2  2  2  2  2  2  2  2  5
 5  2  2  2  2  2  2  2  2  2  2  2  2  2  2  2  2  2  2  2  2  2  2  2  2  2  2  2  2  2  2  2  2  2  2  2  2  2  2  2  2  2  2  2  2  2  5
 5  2  2  2  2  2  2  2  2  2  2  2  2  2  2  2  2  2  2  2  2  2  2  2  2  2  2  2  2  2  2  2  2  2  2  2  2  2  2  2  2  2  2  2  2  2  5
 5  2  2  2  2  2  2  2  5  5  5  5  5  5  5  5  5  5  5  5  5  5  5  5  5  5  5  5  5  5  5  5  5  5  5  5  5  5  5  2  2  2  2  2  2  2  5
 5  2  2  2  2  2  2  2  5 11 11 11 11 11 11 11 11 11 11 11 11 11 11 11 11 11 11 11 11 11 11 11 11 11 11 11 11 11  5  2  2  2  2  2  2  2  5
 5  2  2  2  2  2  2  2  5 11 11 11 11 11 11 11 11 11 11 11 11 11 11 11 11 11 11 11 11 11 11 11 11 11 11 11 11 11  5  2  2  2  2  2  2  2  5
 5  2  2  2  2  2  2  2  5 11 11 11 11 11 11 11 11 11 11 11 11 11 11 11 11 11 11 11 11 11 11 11 11 11 11 11 11 11  5  2  2  2  2  2  2  2  5
 5  2  2  2  2  2  2  2  5 11 11 11 11 11 11 11 11 11 11 11 11 11 11 11 11 11 11 11 11 11 11 11 11 11 11 11 11 11  5  2  2  2  2  2  2  2  5
 5  2  2  2  2  2  2  2  5  6  6  6  6  6  6  6  6  6  6  6  6  6  6  6  6  6  6  6  6  6  6  6  6  6  6  6  6  6  5  2  2  2  2  2  2  2  5
 5  2  2  2  2  2  2  2  5  5  5  5  5  5  5  5  5  5  5  5  5  5  5  5  5  5  5  5  5  5  5  5  5  5  5  5  5  5  5  2  2  2  2  2  2  2  5
 5  2  2  2  2  2  2  2  2  2  2  2  2  2  2  2  2  2  2  2  2  2  2  2  2  2  2  2  2  2  2  2  2  2  2  2  2  2  2  2  2  2  2  2  2  2  5
 5  2  2  2  2  2  2  2  2  2  2  2  2  2  2  2  2  2  2  2  2  2  2  2  2  2  2  2  2  2  2  2  2  2  2  2  2  2  2  2  2  2  2  2  2  2  5
 5  2  2  2  2  7  7  7  7  7  7  7  7  7  7  7  7  7  7  7  7  7  7  7  7  7  7  7  7  7  7  7  7  7  7  7  7  7  7  7  7  7  2  2  2  2  5
 5  2  2  2  2  7  7  7  7  7  7  7  7  7  7  7  7  7  7  7  7  7  7  7  7  7  7  7  7  7  7  7  7  7  7  7  7  7  7  7  7  7  2  2  2  2  5
 5  2  2  2  2  6  6  6  6  6  6  6  6  6  6  6  6  6  6  6  6  6  6  6  6  6  6  6  6  6  6  6  6  6  6  6  6  6  6  6  6  6  2  2  2  2  5
 5  2  2  2  2  2  2  2  2  2  2  2  2  2  2  2  2  2  2  2  2  2  2  2  2  2  2  2  2  2  2  2  2  2  2  2  2  2  2  2  2  2  2  2  2  2  5
 5  2  2  2  2  2  2  2  2  2  2  2  2  2  2  2  2  2  2  2  2  2  2  2  2  2  2  2  2  2  2  2  2  2  2  2  2  2  2  2  2  2  2  2  2  2  5
 5  5  5  5  5  5  5  5  5  5  5  5  5  5  5  5  5  5  5  5  5  5  5  5  5  5  5  5  5  5  5  5  5  5  5  5  5  5  5  5  5  5  5  5  5  5  5

[warlord]
 5  5  5  5  5  5  5  5  5  5  5  5  5  5  5  5  5  5  5  5  5  5  5  5  5  5  5  5  5  5  5  5  5  5  5  5  5  5  5  5  5  5  5  5  5  5  5
 5  2  2  2  2  2  2  2  2  2  2  2  2  2  2  2  2  2  2  2  2  2  2  2  2  2  2  2  2  2  2  2  2  2  2  2  2  2  2  2  2  2  2  2  2  2  5
 5  2  2  2  2  2  2  2  2  2  2  2  2  2  2  2  2  2  2  2  2  2  2  2  2  2  2  2  2  2  2  2  2  2  2  2  2  2  2  2  2  2  2  2  2  2  5
 5  2  2  2  2  2  2  2  2  2  2  2  2  2  2  2  2  2  2  2  2  2  2  2  2  2  2  2  2  2  2  2  2  2  2  2  2  2  2  2  2  2  2  2  2  2  5
 5  2  2  2  2  2  2  2  2  2  2  2  2  2  2  2  2  2  2  2  2  2  2  2  2  2  2  2  2  2  2  2  2  2  2  2  2  2  2  2  2  2  2  2  2  2  5
 5  2  2  2  2  2  2  2  2  2  2  2  2  2  2  2  2  2  2  2  2  2  2  2  2  2  2  2  2  2  2  2  2  2  2  2  2  2  2  2  2  2  2  2  2  2  5
 5  2  2  2  2  2  2  2  2  2  2  2  2  2  2  2  2  2  2  2  2  2  2  2  2  2  2  2  2  2  2  2  2  2  2  2  2  2  2  2  2  2  2  2  2  2  5
 5  2  2  2  2  2  2  2  2  2  2  2  2  2  2  2  2  2  2  2  2  2  2  2  2  2  2  2  2  2  2  2  2  2  2  2  2  2  2  2  2  2  2  2  2  2  5
 5  2  2  2  2  2  2  2  2  2  2  2  2  2  2  2  2  2  2  2  2  2  2  2  2  2  2  2  2  2  2  2  2  2  2  2  2  2  2  2  2  2  2  2  2  2  5
 5  2  2  2  2  2  2  2  2  2  2  2  2  2  2  2  2  2  2  2  2  2  2  2  2  2  2  2  2  2  2  2  2  2  2  2  2  2  2  2  2  2  2  2  2  2  5
 5  2  2  2  2  2  2  2  2  2  2  2  2  2  2  2  2  2  2  2  2  2  2  2  2  2  2  2  2  2  2  2  2  2  2  2  2  2  2  2  2  2  2  2  2  2  5
 5  2  2  2  2  2  2  2  2  2  2  2  2  2  2  2  2  2  2  2  2  2  2  2  2  2  2  2  2  2  2  2  2  2  2  2  2  2  2  2  2  2  2  2  2  2  5
 5  2  2  2  2  2  2  2  2  2  2  2  2  2  2  2  2  2  2  2  2  2  2  2  2  2  2  2  2  2  2  2  2  2  2  2  2  2  2  2  2  2  2  2  2  2  5
 5  2  2  2  2  2  2  2  2  2  2  2  2  2  2 13  2  2  2  2  2  2  2  2  2  2  2  2  2  2 13  2  2  2  2  2  2  2  2  2  2  2  2  2  2  2  5
 5  2  2  2  2  2  2  2  2  2  2  2  2  2  2 11  2  2  2  2  2  2  2  2  2  2  2  2  2  2 11  2  2  2  2  2  2  2  2  2  2  2  2  2  2  2  5
 5  2  2  2  2  2  2  2  2  2  2  2  2  2 11 11 11  2  2  2  2  2  2  2  2  2  2  2  2 11 11 11  2  2  2  2  2  2  2  2  2  2  2  2  2  2  5
 5  2  2  2  2  2  2  2  2  2  2  2  2  2 11 11 11  2  2  2  2  2  2  2  2  2  2  2  2 11 11 11  2  2  2  2  2  2  2  2  2  2  2  2  2  2  5
 5  2  2  2  2  2  2  2  2  2  2  2  2 11 11 11 11 11  2  2  2  2  2  2  2  2  2  2 11 11 11 11 11  2  2  2  2  2  2  2  2  2  2  2  2  2  5
 5  2  2  2  2  2  2  2  2  2  2  2  2 11 11 11 11 11 11  2  2  2  2  2  2  2  2  2 11 11 11 11 11 11  2  2  2  2  2  2  2  2  2  2  2  2  5
 5  2  2  2  2  2  2  2  2  2  2  2 11 11 11 11 11 11 11  2  2  2  2  2  2  2  2 11 11 11 11 11 11 11  2  2  2  2  2  2  2  2  2  2  2  2  5
 5  2  2  2  2  2  2  2  2  2  2  2 11 11 11 11 11 11 11 11  2  2  2  2  2  2  2 11 11 11 11 11 11 11 11  2  2  2  2  2  2  2  2  2  2  2  5
 5  2  2  2  2  2  2  2  2  2  2 11 11 11 11 11 11 11 11 11 11  2  2  2  2  2 11 11 11 11 11 11 11 11 11 11  2  2  2  2  2  2  2  2  2  2  5
 5  2  2  2  2  2  2  2  2  2 11 11 11 11 11 11 11 11 11 11 11  2  2  2  2 11 11 11 11 11 11 11 11 11 11 11  2  2  2  2  2  2  2  2  2  2  5
 5  2  2  2  2  2  2  2  2  2 11 11 11 11 11 11 11 11 11 11 11 11  2  2  2 11 11 11 11 11 11 11 11 11 11 11 11  2  2  2  2  2  2  2  2  2  5
 5  2  2  2  2  2  2  2  2 11 11 11 11 11 11 11 11 11 11 11 11 11 11  2 11 11 11 11 11 11 11 11 11 11 11 11 11 11  2  2  2  2  2  2  2  2  5
 5  2  2  2  2  2  2  2  2 11 11 11 11 11 11 11 11 11 11 11 11 11 11  2 11 11 11 11 11 11 11 11 11 11 11 11 11 11  2  2  2  2  2  2  2  2  5
 5  2  2  2  2  2  2  2  5  5  5  5  5  5  5  5  5  5  5  5  5  5  5  5  5  5  5  5  5  5  5  5  5  5  5  5  5  5  5  2  2  2  2  2  2  2  5
 5  2  2  2  2  2  2  2  5 11 11 11 11 11 11 11 11 11 11 11 11 11 11 11 11 11 11 11 11 11 11 11 11 11 11 11 11 11  5  2  2  2  2  2  2  2  5
 5  2  2  2  2  2  2  2  5 11 11 11 11 11 11 11 11 11 11 11 11 11 11 11 11 11 11 11 11 11 11 11 11 11 11 11 11 11  5  2  2  2  2  2  2  2  5
 5  2  2  2  2  2  2  2  5 11 11 11 11 11 11 11 11 11 11 11 11 11 11 11 11 11 11 11 11 11 11 11 11 11 11 11 11 11  5  2  2  2  2  2  2  2  5
 5  2  2  2  2  2  2  2  5 11 11 11 11 11 11 11 11 11 11 11 11 11 11 11 11 11 11 11 11 11 11 11 11 11 11 11 11 11  5  2  2  2  2  2  2  2  5
 5  2  2  2  2  2  2  2  5  6  6  6  6  6  6  6  6  6  6  6  6  6  6  6  6  6  6  6  6  6  6  6  6  6  6  6  6  6  5  2  2  2  2  2  2  2  5
 5  2  2  2  2  2  2  2  5  5  5  5  5  5  5  5  5  5  5  5  5  5  5  5  5  5  5  5  5  5  5  5  5  5  5  5  5  5  5  2  2  2  2  2  2  2  5
 5  2  2  2  2  2  2  2  2  2  2  2  2  2  2  2  2  2  2  2  2  2  2  2  2  2  2  2  2  2  2  2  2  2  2  2  2  2  2  2  2  2  2  2  2  2  5
 5  2  2  2  2  2  2  2  2  2  2  2  2  2  2  2  2  2  2  2  2  2  2  2  2  2  2  2  2  2  2  2  2  2  2  2  2  2  2  2  2  2  2  2  2  2  5
 5  2  2  2  2  7  7  7  7  7  7  7  7  7  7  7  7  7  7  7  7  7  7  7  7  7  7  7  7  7  7  7  7  7  7  7  7  7  7  7  7  7  2  2  2  2  5
 5  2  2  2  2  7  7  7  7  7  7  7  7  7  7  7  7  7  7  7  7  7  7  7  7  7  7  7  7  7  7  7  7  7  7  7  7  7  7  7  7  7  2  2  2  2  5
 5  2  2  2  2  6  6  6  6  6  6  6  6  6  6  6  6  6  6  6  6  6  6  6  6  6  6  6  6  6  6  6  6  6  6  6  6  6  6  6  6  6  2  2  2  2  5
 5  2  2  2  2  2  2  2  2  2  2  2  2  2  2  2  2  2  2  2  2  2  2  2  2  2  2  2  2  2  2  2  2  2  2  2  2  2  2  2  2  2  2  2  2  2  5
 5  2  2  2  2  2  2  2  2  2  2  2  2  2  2  2  2  2  2  2  2  2  2  2  2  2  2  2  2  2  2  2  2  2  2  2  2  2  2  2  2  2  2  2  2  2  5
 5  5  5  5  5  5  5  5  5  5  5  5  5  5  5  5  5  5  5  5  5  5  5  5  5  5  5  5  5  5  5  5  5  5  5  5  5  5  5  5  5  5  5  5  5  5  5

[prince]
 5  5  5  5  5  5  5  5  5  5  5  5  5  5  5  5  5  5  5  5  5  5  5  5  5  5  5  5  5  5  5  5  5  5  5  5  5  5  5  5  5  5  5  5  5  5  5
 5  2  2  2  2  2  2  2  2  2  2  2  2  2  2  2  2  2  2  2  2  2  2  2  2  2  2  2  2  2  2  2  2  2  2  2  2  2  2  2  2  2  2  2  2  2  5
 5  2  2  2  2  2  2  2  2  2  2  2  2  2  2  2  2  2  2  2  2  2  2  2  2  2  2  2  2  2  2  2  2  2  2  2  2  2  2  2  2  2  2  2  2  2  5
 5  2  2  2  2  2  2  2  2  2  2  2  2  2  2  2  2  2  2  2  2  2  2  2  2  2  2  2  2  2  2  2  2  2  2  2  2  2  2  2  2  2  2  2  2  2  5
 5  2  2  2  2  2  2  2  2  2  2  2  2  2  2  2  2  2  2  2  2  2  2  2  2  2  2  2  2  2  2  2  2  2  2  2  2  2  2  2  2  2  2  2  2  2  5
 5  2  2  2  2  2  2  2  2  2  2  2  2  2  2  2  2  2  2  2  2  2  2  2  2  2  2  2  2  2  2  2  2  2  2  2  2  2  2  2  2  2  2  2  2  2  5
 5  2  2  2  2  2  2  2  2  2  2  2  2  2  2  2  2  2  2  2  2  2  2  2  2  2  2  2  2  2  2  2  2  2  2  2  2  2  2  2  2  2  2  2  2  2  5
 5  2  2  2  2  2  2  2  2  2  2  2  2  2  2  2  2  2  2  2  2  2  2  2  2  2  2  2  2  2  2  2  2  2  2  2  2  2  2  2  2  2  2  2  2  2  5
 5  2  2  2  2  2  2  2  2  2  2  2  2  2  2  2  2  2  2  2  2  2  2  2  2  2  2  2  2  2  2  2  2  2  2  2  2  2  2  2  2  2  2  2  2  2  5
 5  2  2  2  2  2  2  2  2  2  2  2  2  2  2  2  2  2  2  2  2  2  2  2  2  2  2  2  2  2  2  2  2  2  2  2  2  2  2  2  2  2  2  2  2  2  5
 5  2  2  2  2  2  2  2  2  2  2  2  2  2  2  2  2  2  2  2  2  2  2  2  2  2  2  2  2  2  2  2  2  2  2  2  2  2  2  2  2  2  2  2  2  2  5
 5  2  2  2  2  2  2  2  2  2  2  2  2  2  2  2  2  2  2  2  2  2  2  2  2  2  2  2  2  2  2  2  2  2  2  2  2  2  2  2  2  2  2  2  2  2  5
 5  2  2  2  2  2  2  2  2  2  2  2  2  2  2  2  2  2  2  2  2  2  2 13  2  2  2  2  2  2  2  2  2  2  2  2  2  2  2  2  2  2  2  2  2  2  5
 5  2  2  2  2  2  2  2  2  2  2  2  2  2  2  2  2  2  2  2  2  2  2 12  2  2  2  2  2  2  2  2  2  2  2  2  2  2  2  2  2  2  2  2  2  2  5
 5  2  2  2  2  2  2  2  2  2  2  2  2 13  2  2  2  2  2  2  2  2  2 12  2  2  2  2  2  2  2  2  2 13  2  2  2  2  2  2  2  2  2  2  2  2  5
 5  2  2  2  2  2  2  2  2  2  2  2  2 12  2  2  2  2  2  2  2  2 12 12 12  2  2  2  2  2  2  2  2 12  2  2  2  2  2  2  2  2  2  2  2  2  5
 5  2  2  2  2  2  2  2  2  2  2  2  2 12  2  2  2  2  2  2  2  2 12 12 12  2  2  2  2  2  2  2  2 12  2  2  2  2  2  2  2  2  2  2  2  2  5
 5  2  2  2  2  2  2  2  2  2  2  2 12 12 12  2  2  2  2  2  2 12 12 12 12 12  2  2  2  2  2  2 12 12 12  2  2  2  2  2  2  2  2  2  2  2  5
 5  2  2  2  2  2  2  2  2  2  2  2 12 12 12  2  2  2  2  2  2 12 12 12 12 12  2  2  2  2  2  2 12 12 12  2  2  2  2  2  2  2  2  2  2  2  5
 5  2  2  2  2  2  2  2  2  2  2 12 12 12 12 12  2  2  2  2  2 12 12 12 12 12  2  2  2  2  2 12 12 12 12 12  2  2  2  2  2  2  2  2  2  2  5
 5  2  2  2  2  2  2  2  2  2  2 12 12 12 12 12  2  2  2  2 12 12 12 12 12 12 12  2  2  2  2 12 12 12 12 12  2  2  2  2  2  2  2  2  2  2  5
 5  2  2  2  2  2  2  2  2  2 12 12 12 12 12 12 12  2  2  2 12 12 12 12 12 12 12  2  2  2 12 12 12 12 12 12 12  2  2  2  2  2  2  2  2  2  5
 5  2  2  2  2  2  2  2  2  2 12 12 12 12 12 12 12  2  2  2 12 12 12 12 12 12 12  2  2  2 12 12 12 12 12 12 12  2  2  2  2  2  2  2  2  2  5
 5  2  2  2  2  2  2  2  2 12 12 12 12 12 12 12 12 12  2 12 12 12 12 12 12 12 12 12  2 12 12 12 12 12 12 12 12 12  2  2  2  2  2  2  2  2  5
 5  2  2  2  2  2  2  2  2 12 12 12 12 12 12 12 12 12  2 12 12 12 12 12 12 12 12 12  2 12 12 12 12 12 12 12 12 12  2  2  2  2  2  2  2  2  5
 5  2  2  2  2  2  2  2 12 12 12 12 12 12 12 12 12 12 12 12 12 12 12 12 12 12 12 12 12 12 12 12 12 12 12 12 12 12 12  2  2  2  2  2  2  2  5
 5  2  2  2  2  2  2  2  5  5  5  5  5  5  5  5  5  5  5  5  5  5  5  5  5  5  5  5  5  5  5  5  5  5  5  5  5  5  5  2  2  2  2  2  2  2  5
 5  2  2  2  2  2  2  2  5 12 12 12 12 12 12 12 12 12 12 12 12 12 12 12 12 12 12 12 12 12 12 12 12 12 12 12 12 12  5  2  2  2  2  2  2  2  5
 5  2  2  2  2  2  2  2  5 11 11 11 11 11 11 11 11 11 11 11 11 11 11 11 11 11 11 11 11 11 11 11 11 11 11 11 11 11  5  2  2  2  2  2  2  2  5
 5  2  2  2  2  2  2  2  5 11 11 11 11 11 11 11 11 11 11 11 11 11 11 11 11 11 11 11 11 11 11 11 11 11 11 11 11 11  5  2  2  2  2  2  2  2  5
 5  2  2  2  2  2  2  2  5 11 11 11 11 11 11 11 11 11 11 11 11 11 11 11 11 11 11 11 11 11 11 11 11 11 11 11 11 11  5  2  2  2  2  2  2  2  5
 5  2  2  2  2  2  2  2  5  6  6  6  6  6  6  6  6  6  6  6  6  6  6  6  6  6  6  6  6  6  6  6  6  6  6  6  6  6  5  2  2  2  2  2  2  2  5
 5  2  2  2  2  2  2  2  5  5  5  5  5  5  5  5  5  5  5  5  5  5  5  5  5  5  5  5  5  5  5  5  5  5  5  5  5  5  5  2  2  2  2  2  2  2  5
 5  2  2  2  2  2  2  2  2  2  2  2  2  2  2  2  2  2  2  2  2  2  2  2  2  2  2  2  2  2  2  2  2  2  2  2  2  2  2  2  2  2  2  2  2  2  5
 5  2  2  2  2  2  2  2  2  2  2  2  2  2  2  2  2  2  2  2  2  2  2  2  2  2  2  2  2  2  2  2  2  2  2  2  2  2  2  2  2  2  2  2  2  2  5
 5  2  2  2  2  7  7  7  7  7  7  7  7  7  7  7  7  7  7  7  7  7  7  7  7  7  7  7  7  7  7  7  7  7  7  7  7  7  7  7  7  7  2  2  2  2  5
 5  2  2  2  2  7  7  7  7  7  7  7  7  7  7  7  7  7  7  7  7  7  7  7  7  7  7  7  7  7  7  7  7  7  7  7  7  7  7  7  7  7  2  2  2  2  5
 5  2  2  2  2  6  6  6  6  6  6  6  6  6  6  6  6  6  6  6  6  6  6  6  6  6  6  6  6  6  6  6  6  6  6  6  6  6  6  6  6  6  2  2  2  2  5
 5  2  2  2  2  2  2  2  2  2  2  2  2  2  2  2  2  2  2  2  2  2  2  2  2  2  2  2  2  2  2  2  2  2  2  2  2  2  2  2  2  2  2  2  2  2  5
 5  2  2  2  2  2  2  2  2  2  2  2  2  2  2  2  2  2  2  2  2  2  2  2  2  2  2  2  2  2  2  2  2  2  2  2  2  2  2  2  2  2  2  2  2  2  5
 5  5  5  5  5  5  5  5  5  5  5  5  5  5  5  5  5  5  5  5  5  5  5  5  5  5  5  5  5  5  5  5  5  5  5  5  5  5  5  5  5  5  5  5  5  5  5

[king]
 5  5  5  5  5  5  5  5  5  5  5  5  5  5  5  5  5  5  5  5  5  5  5  5  5  5  5  5  5  5  5  5  5  5  5  5  5  5  5  5  5  5  5  5  5  5  5
 5  2  2  2  2  2  2  2  2  2  2  2  2  2  2  2  2  2  2  2  2  2  2  2  2  2  2  2  2  2  2  2  2  2  2  2  2  2  2  2  2  2  2  2  2  2  5
 5  2  2  2  2  2  2  2  2  2  2  2  2  2  2  2  2  2  2  2  2  2  2  2  2  2  2  2  2  2  2  2  2  2  2  2  2  2  2  2  2  2  2  2  2  2  5
 5  2  2  2  2  2  2  2  2  2  2  2  2  2  2  2  2  2  2  2  2  2  2  2  2  2  2  2  2  2  2  2  2  2  2  2  2  2  2  2  2  2  2  2  2  2  5
 5  2  2  2  2  2  2  2  2  2  2  2  2  2  2  2  2  2  2  2  2  2  2  2  2  2  2  2  2  2  2  2  2  2  2  2  2  2  2  2  2  2  2  2  2  2  5
 5  2  2  2  2  2  2  2  2  2  2  2  2  2  2  2  2  2  2  2  2  2  2  2  2  2  2  2  2  2  2  2  2  2  2  2  2  2  2  2  2  2  2  2  2  2  5
 5  2  2  2  2  2  2  2  2  2  2  2  2  2  2  2  2  2  2  2  2  2  2  2  2  2  2  2  2  2  2  2  2  2  2  2  2  2  2  2  2  2  2  2  2  2  5
 5  2  2  2  2  2  2  2  2  2  2  2  2  2  2  2  2  2  2  2  2  2  2  2  2  2  2  2  2  2  2  2  2  2  2  2  2  2  2  2  2  2  2  2  2  2  5
 5  2  2  2  2  2  2  2  2  2  2  2  2  2  2  2  2  2  2  2  2  2  2  2  2  2  2  2  2  2  2  2  2  2  2  2  2  2  2  2  2  2  2  2  2  2  5
 5  2  2  2  2  2  2  2  2  2  2  2  2  2  2  2  2  2  2  2  2  2  2  2  2  2  2  2  2  2  2  2  2  2  2  2  2  2  2  2  2  2  2  2  2  2  5
 5  2  2  2  2  2  2  2  2  2  2  2  2  2  2  2  2  2  2  2  2  2  2  2  2  2  2  2  2  2  2  2  2  2  2  2  2  2  2  2  2  2  2  2  2  2  5
 5  2  2  2  2  2  2  2  2  2  2  2  2  2  2  2  2  2  2  2  2  2  2  2  2  2  2  2  2  2  2  2  2  2  2  2  2  2  2  2  2  2  2  2  2  2  5
 5  2  2  2  2  2  2  2  2  2  2  2  2  2  2  2  2  2  2  2  2  2  2  2  2  2  2  2  2  2  2  2  2  2  2  2  2  2  2  2  2  2  2  2  2  2  5
 5  2  2  2  2  2  2  2  2  2  2  2  2  2  2  2  2  2  2  2  2  2  2  2  2  2  2  2  2  2  2  2  2  2  2  2  2  2  2  2  2  2  2  2  2  2  5
 5  2  2  2  2  2  2  2  2  2  2  2  2  2  2  2  2  2  2  2  2  2  2  2  2  2  2  2  2  2  2  2  2  2  2  2  2  2  2  2  2  2  2  2  2  2  5
 5  2  2  2  2  2  2  2  2  2  2  2  2  2  2  2  2  2  2  2  2  2  2  2  2  2  2  2  2  2  2  2  2  2  2  2  2  2  2  2  2  2  2  2  2  2  5
 5  2  2  2  2  2  2  2  2  2  2  2  2  2  2  2  2  2  2  2  2  2  2 13  2  2  2  2  2  2  2  2  2  2  2  2  2  2  2  2  2  2  2  2  2  2  5
 5  2  2  2  2  2  2  2  2  2  2  2  2  2  2  2  2  2  2  2  2  2  2 12  2  2  2  2  2  2  2  2  2  2  2  2  2  2  2  2  2  2  2  2  2  2  5
 5  2  2  2  2  2  2  2  2  2  2  2  2  2  2  2  2 13  2  2  2  2  2 12  2  2  2  2  2 13  2  2  2  2  2  2  2  2  2  2  2  2  2  2  2  2  5
 5  2  2  2  2  2  2  2  2  2  2  2  2  2  2  2  2 12  2  2  2  2 12 12 12  2  2  2  2 12  2  2  2  2  2  2  2  2  2  2  2  2  2  2  2  2  5
 5  2  2  2  2  2  2  2  2  2  2 13  2  2  2  2  2 12  2  2  2  2 12 12 12  2  2  2  2 12  2  2  2  2  2 13  2  2  2  2  2  2  2  2  2  2  5
 5  2  2  2  2  2  2  2  2  2  2 12  2  2  2  2 12 12 12  2  2  2 12 12 12  2  2  2 12 12 12  2  2  2  2 12  2  2  2  2  2  2  2  2  2  2  5
 5  2  2  2  2  2  2  2  2  2 12 12 12  2  2  2 12 12 12  2  2 12 12 12 12 12  2  2 12 12 12  2  2  2 12 12 12  2  2  2  2  2  2  2  2  2  5
 5  2  2  2  2  2  2  2  2  2 12 12 12  2  2 12 12 12 12 12  2 12 12 12 12 12  2 12 12 12 12 12  2  2 12 12 12  2  2  2  2  2  2  2  2  2  5
 5  2  2  2  2  2  2  2  2 12 12 12 12 12  2 12 12 12 12 12  2 12 12 12 12 12  2 12 12 12 12 12  2 12 12 12 12 12  2  2  2  2  2  2  2  2  5
 5  2  2  2  2  2  2  2  2 12 12 12 12 12 12 12 12 12 12 12 12 12 12 12 12 12 12 12 12 12 12 12 12 12 12 12 12 12  2  2  2  2  2  2  2  2  5
 5  2  2  2  2  2  2  2  5  5  5  5  5  5  5  5  5  5  5  5  5  5  5  5  5  5  5  5  5  5  5  5  5  5  5  5  5  5  5  2  2  2  2  2  2  2  5
 5  2  2  2  2  2  2  2  5 12 12 12 12 12 12 12 12 12 12 12 12 12 12 12 12 12 12 12 12 12 12 12 12 12 12 12 12 12  5  2  2  2  2  2  2  2  5
 5  2  2  2  2  2  2  2  5 11 11 11 11 11 11 11 11 16 16 11 11 11 11 17 17 11 11 11 11 16 16 11 11 11 11 11 11 11  5  2  2  2  2  2  2  2  5
 5  2  2  2  2  2  2  2  5 11 11 11 11 11 11 11 11 16 16 11 11 11 11 17 17 11 11 11 11 16 16 11 11 11 11 11 11 11  5  2  2  2  2  2  2  2  5
 5  2  2  2  2  2  2  2  5 11 11 11 11 11 11 11 11 11 11 11 11 11 11 11 11 11 11 11 11 11 11 11 11 11 11 11 11 11  5  2  2  2  2  2  2  2  5
 5  2  2  2  2  2  2  2  5  6  6  6  6  6  6  6  6  6  6  6  6  6  6  6  6  6  6  6  6  6  6  6  6  6  6  6  6  6  5  2  2  2  2  2  2  2  5
 5  2  2  2  2  2  2  2  5  5  5  5  5  5  5  5  5  5  5  5  5  5  5  5  5  5  5  5  5  5  5  5  5  5  5  5  5  5  5  2  2  2  2  2  2  2  5
 5  2  2  2  2  2  2  2  2  2  2  2  2  2  2  2  2  2  2  2  2  2  2  2  2  2  2  2  2  2  2  2  2  2  2  2  2  2  2  2  2  2  2  2  2  2  5
 5  2  2  2  2  2  2  2  2  2  2  2  2  2  2  2  2  2  2  2  2  2  2  2  2  2  2  2  2  2  2  2  2  2  2  2  2  2  2  2  2  2  2  2  2  2  5
 5  2  2  2  2  7  7  7  7  7  7  7  7  7  7  7  7  7  7  7  7  7  7  7  7  7  7  7  7  7  7  7  7  7  7  7  7  7  7  7  7  7  2  2  2  2  5
 5  2  2  2  2  7  7  7  7  7  7  7  7  7  7  7  7  7  7  7  7  7  7  7  7  7  7  7  7  7  7  7  7  7  7  7  7  7  7  7  7  7  2  2  2  2  5
 5  2  2  2  2  6  6  6  6  6  6  6  6  6  6  6  6  6  6  6  6  6  6  6  6  6  6  6  6  6  6  6  6  6  6  6  6  6  6  6  6  6  2  2  2  2  5
 5  2  2  2  2  2  2  2  2  2  2  2  2  2  2  2  2  2  2  2  2  2  2  2  2  2  2  2  2  2  2  2  2  2  2  2  2  2  2  2  2  2  2  2  2  2  5
 5  2  2  2  2  2  2  2  2  2  2  2  2  2  2  2  2  2  2  2  2  2  2  2  2  2  2  2  2  2  2  2  2  2  2  2  2  2  2  2  2  2  2  2  2  2  5
 5  5  5  5  5  5  5  5  5  5  5  5  5  5  5  5  5  5  5  5  5  5  5  5  5  5  5  5  5  5  5  5  5  5  5  5  5  5  5  5  5  5  5  5  5  5  5

[emperor]
 5  5  5  5  5  5  5  5  5  5  5  5  5  5  5  5  5  5  5  5  5  5  5  5  5  5  5  5  5  5  5  5  5  5  5  5  5  5  5  5  5  5  5  5  5  5  5
 5  2  2  2  2  2  2  2  2  2  2  2  2  2  2  2  2  2  2  2  2  2  2 13  2  2  2  2  2  2  2  2  2  2  2  2  2  2  2  2  2  2  2  2  2  2  5
 5  2  2  2  2  2  2  2  2  2  2  2  2  2  2  2  2  2  2  2  2  2  2 13  2  2  2  2  2  2  2  2  2  2  2  2  2  2  2  2  2  2  2  2  2  2  5
 5  2  2  2  2  2  2  2  2  2  2  2  2  2  2  2  2  2  2  2  2  2 13 13 13  2  2  2  2  2  2  2  2  2  2  2  2  2  2  2  2  2  2  2  2  2  5
 5  2  2  2  2  2  2  2  2  2  2  2  2  2  2  2  2  2  2  2  2  2 13 13 13  2  2  2  2  2  2  2  2  2  2  2  2  2  2  2  2  2  2  2  2  2  5
 5  2  2  2  2  2  2  2  2  2  2  2  2  2  2  2  2  2  2  2  2  2 13 13 13  2  2  2  2  2  2  2  2  2  2  2  2  2  2  2  2  2  2  2  2  2  5
 5  2  2  2  2  2  2  2  2  2  2  2  2  2  2  2  2  2  2  2  2 13 13 13 13 13  2  2  2  2  2  2  2  2  2  2  2  2  2  2  2  2  2  2  2  2  5
 5  2  2  2  2  2  2  2  2  2  2  2  2  2  2 13 13 13 13 13 13 13 13 13 13 13 13 13 13 13 13 13  2  2  2  2  2  2  2  2  2  2  2  2  2  2  5
 5  2  2  2  2  2  2  2  2  2  2  2  2  2  2  2 13 13 13 13 13 13 13 13 13 13 13 13 13 13 13  2  2  2  2  2  2  2  2  2  2  2  2  2  2  2  5
 5  2  2  2  2  2  2  2  2  2  2  2  2  2  2  2  2  2 13 13 13 13 13 13 13 13 13 13 13  2  2  2  2  2  2  2  2  2  2  2  2  2  2  2  2  2  5
 5  2  2  2  2  2  2  2  2  2  2  2  2  2  2  2  2  2  2 13 13 13 13 13 13 13 13 13  2  2  2  2  2  2  2  2  2  2  2  2  2  2  2  2  2  2  5
 5  2  2  2  2  2  2  2  2  2  2  2  2  2  2  2  2  2  2  2 13 13 13 13 13 13 13  2  2  2  2  2  2  2  2  2  2  2  2  2  2  2  2  2  2  2  5
 5  2  2  2  2  2  2  2  2  2  2  2  2  2  2  2  2  2  2  2 13 13 13 13 13 13 13  2  2  2  2  2  2  2  2  2  2  2  2  2  2  2  2  2  2  2  5
 5  2  2  2  2  2  2  2  2  2  2  2  2  2  2  2  2  2  2 13 13 13 13 13 13 13 13 13  2  2  2  2  2  2  2  2  2  2  2  2  2  2  2  2  2  2  5
 5  2  2  2  2  2  2 14  2  2  2  2  2  2  2  2  2  2  2 13 13 13 13  2 13 13 13 13  2  2  2  2  2  2  2  2  2  2  2 14  2  2  2  2  2  2  5
 5  2  2  2  2 14 14  2  2  2  2  2  2  2  2  2  2  2  2 13 13  2  2  2  2  2 13 13  2  2  2  2  2  2  2  2  2  2  2  2 14 14  2  2  2  2  5
 5  2  2  2 14  2  2  2  2  2  2  2  2  2  2  2  2  2 13 13  2  2  2 13  2  2  2 13 13  2  2  2  2  2  2  2  2  2  2  2  2  2 14  2  2  2  5
 5  2  2  2 14  2  2  2  2  2  2  2  2  2  2  2  2  2 13  2  2  2  2 13  2  2  2  2 13  2  2  2  2  2  2  2  2  2  2  2  2  2 14  2  2  2  5
 5  2  2  2  2  2  2 14  2  2  2  2  2  2  2  2  2 13  2  2  2  2  2 13  2  2  2  2  2 13  2  2  2  2  2  2  2  2  2 14  2  2  2  2  2  2  5
 5  2  2  2  2 14 14  2  2  2  2  2  2  2  2  2  2 13  2  2  2  2 13 13 13  2  2  2  2 13  2  2  2  2  2  2  2  2  2  2 14 14  2  2  2  2  5
 5  2  2  2 14  2  2  2  2  2  2 13  2  2  2  2  2 13  2  2  2  2 13 13 13  2  2  2  2 13  2  2  2  2  2 13  2  2  2  2  2  2 14  2  2  2  5
 5  2  2  2 14  2  2  2  2  2  2 13  2  2  2  2 13 13 13  2  2  2 13 13 13  2  2  2 13 13 13  2  2  2  2 13  2  2  2  2  2  2 14  2  2  2  5
 5  2  2  2  2  2  2 14  2  2 13 13 13  2  2  2 13 13 13  2  2 13 13 13 13 13  2  2 13 13 13  2  2  2 13 13 13  2  2 14  2  2  2  2  2  2  5
 5  2  2  2  2 14 14  2  2  2 13 13 13  2  2 13 13 13 13 13  2 13 13 13 13 13  2 13 13 13 13 13  2  2 13 13 13  2  2  2 14 14  2  2  2  2  5
 5  2  2  2 14  2  2  2  2 13 13 13 13 13  2 13 13 13 13 13  2 13 13 13 13 13  2 13 13 13 13 13  2 13 13 13 13 13  2  2  2  2 14  2  2  2  5
 5  2  2  2 14  2  2  2  2 13 13 13 13 13 13 13 13 13 13 13 13 13 13 13 13 13 13 13 13 13 13 13 13 13 13 13 13 13  2  2  2  2 14  2  2  2  5
 5  2  2  2  2  2  2 14  5  5  5  5  5  5  5  5  5  5  5  5  5  5  5  5  5  5  5  5  5  5  5  5  5  5  5  5  5  5  5 14  2  2  2  2  2  2  5
 5  2  2  2  2 14 14  2  5 13 13 13 13 13 13 13 13 13 13 13 13 13 13 13 13 13 13 13 13 13 13 13 13 13 13 13 13 13  5  2 14 14  2  2  2  2  5
 5  2  2  2 14  2  2  2  5 11 11 11 11 11 11 11 11 16 16 11 11 11 11 17 17 11 11 11 11 16 16 11 11 11 11 11 11 11  5  2  2  2 14  2  2  2  5
 5  2  2  2 14  2  2  2  5 11 11 11 11 11 11 11 11 16 16 11 11 11 11 17 17 11 11 11 11 16 16 11 11 11 11 11 11 11  5  2  2  2 14  2  2  2  5
 5  2  2  2  2  2  2  2  5 11 11 11 11 11 11 11 11 11 11 11 11 11 11 11 11 11 11 11 11 11 11 11 11 11 11 11 11 11  5  2  2  2  2  2  2  2  5
 5  2  2  2  2  2  2  2  5  6  6  6  6  6  6  6  6  6  6  6  6  6  6  6  6  6  6  6  6  6  6  6  6  6  6  6  6  6  5  2  2  2  2  2  2  2  5
 5  2  2  2  2  2  2  2  5  5  5  5  5  5  5  5  5  5  5  5  5  5  5  5  5  5  5  5  5  5  5  5  5  5  5  5  5  5  5  2  2  2  2  2  2  2  5
 5  2  2  2  2  2  2  2  2  2  2  2  2  2  2  2  2  2  2  2  2  2  2  2  2  2  2  2  2  2  2  2  2  2  2  2  2  2  2  2  2  2  2  2  2  2  5
 5  2  2  2  2  2  2  2  2  2  2  2  2  2  2  2  2  2  2  2  2  2  2  2  2  2  2  2  2  2  2  2  2  2  2  2  2  2  2  2  2  2  2  2  2  2  5
 5  2  2  2  2  7  7  7  7  7  7  7  7  7  7  7  7  7  7  7  7  7  7  7  7  7  7  7  7  7  7  7  7  7  7  7  7  7  7  7  7  7  2  2  2  2  5
 5  2  2  2  2  7  7  7  7  7  7  7  7  7  7  7  7  7  7  7  7  7  7  7  7  7  7  7  7  7  7  7  7  7  7  7  7  7  7  7  7  7  2  2  2  2  5
 5  2  2  2  2  6  6  6  6  6  6  6  6  6  6  6  6  6  6  6  6  6  6  6  6  6  6  6  6  6  6  6  6  6  6  6  6  6  6  6  6  6  2  2  2  2  5
 5  2  2  2  2  2  2  2  2  2  2  2  2  2  2  2  2  2  2  2  2  2  2  2  2  2  2  2  2  2  2  2  2  2  2  2  2  2  2  2  2  2  2  2  2  2  5
 5  2  2  2  2  2  2  2  2  2  2  2  2  2  2  2  2  2  2  2  2  2  2  2  2  2  2  2  2  2  2  2  2  2  2  2  2  2  2  2  2  2  2  2  2  2  5
 5  5  5  5  5  5  5  5  5  5  5  5  5  5  5  5  5  5  5  5  5  5  5  5  5  5  5  5  5  5  5  5  5  5  5  5  5  5  5  5  5  5  5  5  5  5  5
