# CivOne free tile overrides
# Loaded at startup from the working directory (project root when using build.sh).
# Each section is a 16×16 grid of palette indices (0–17).
# Edit and re-run — no recompile needed.
#
# Cassette palette quick reference:
#  0 = transparent   1 = BG0 (near-black)   5 = BORDER (dark brown)
#  6 = INK_LOW       7 = INK_MID            8 = INK_HIGH (near-white)
# 14 = OK (green)   17 = CYAN

# ─── Standalone hill (no adjacent hill neighbours) ────────────────────────────
# Single SW-NE ridge: 2px lit (14) + 3px transparent hilltop + 2px shadow (6)
[hill_standalone]
 0  0  0  0  0  0  0  0  0  0  0  0  0  0  0  0
 0  0  0  0  0  0  0  0  0  0  0  0  0  0  0  0
 0  0  0  0  8 14 14  6  6  0  0  0  0  0  0  0
 0  0  0  8 14 14 14 14  6  6  6  0  0  0  0  0
 0  0 14 14 14  0  0  0  0  0  5  5  0  0  0  0
 0  7 14 14  0  0  0  0  0  0  0  7  7  0  0  0
 0  0  0  0  0  0  0  8 14 14  6  6  0  0  0  0
 0  0  0  0  0  0  8 14 14 14 14  6  6  6  0  0
 0  0  0  0  0 14 14 14  0  0  0  0  0  7  7  0
 0  0  0  0  7 14 14  0  0  0  0  0  0  0  6 14
 0  0  0  0  0  0  0  0  0  0  0  0  0  0  0  0
 0  0  0  0  0  0  0  0  0  0  0  0  0  0  0  0
 0  0  0  0  0  0  0  0  0  0  0  0  0  0  0  0
 0  0  0  0  0  0  0  0  0  0  0  0  0  0  0  0
 0  0  0  0  0  0  0  0  0  0  0  0  0  0  0  0
 0  0  0  0  0  0  0  0  0  0  0  0  0  0  0  0

# ─── Connected hill (one or more adjacent hill neighbours) ────────────────────
# Same ridge extended to tile edges so adjacent hill tiles flow together
[hill_connected]
 0  0  0  0  0  0  0  0  0  0  0  0  0  0  0  0
 0  0  0  0  8 14 14  6  6  0  0  0  0  0  0  0
 0  0  0  8 14  0  0  0  0  6  6  0  0  0  0  0
 0  0 14 14  0  0  0  0  0  0  7  7  0  0  0  0
 0  0 14  0  0  0  0  0  0  0  0  0  0  0  0  0
 0  0  0  0  0  0  0  8 14 14  6  6  0  0  0  0
 0  0  0  0  0  0  8 14  0  0  0  0  6  6  0  0
 0  0  0  0  0 14 14  0  0  0  0  0  0  7  7  0
 0  0  0  0  0 14  0  0  0  0  0  0  0  0  0 14
 0  0  0  0  0  0  0  0  0  0  0  0  0  0  0  0
 0  0  0  0  8 14 14  6  6  0  0  7  0  7  0  0
 0  0  0  8 14  0  0  0  0  6  6  0  0  0  0  0
 0  0 14 14  0  0  0  0  0  0  7  7  0  0  0  0
 0  0 14  0  0  0  0  0  0  0  0 14  0  0  0  0
 0  0  0  0  0  0  0  0  0  0  0  0  0  0  0  0
 0  0  0  0  0  0  0  7  0  7  0  0  0  0  0  0

# ─── Mountains overlay ───────────────────────────────────────────────────────
# Two peaks: lit left face (8=INK_HIGH), body (7=INK_MID), shadow (6=INK_LOW), outline (5=BORDER)
[mountains]
 0  0  0  0  0  0  0  0  0  0  0  0  0  0  0  0
 0  0  0  0  0  0  0  0  0  0  0  0  0  0  0  0
 0  0  0  0  0  0  0  0  0  0  0  0  0  0  0  0
 0  0  0  0  0  8  0  0  0  0  0  0  0  0  0  0
 0  0  0  0  8  8  7  0  0  0  0  0  0  0  0  0
 0  0  0  7  7  7  7  6  0  0  0  0  0  0  0  0
 0  0  7  7  7  6  6  6  6  0  0  0  0  0  0  0
 0  0  0  0  7  6  0  0  0  0  0  0  0  0  0  0
 0  0  0  0  0  0  0  0  0  8  0  0  0  0  0  0
 0  0  0  0  0  0  0  0  8  7  7  0  0  0  0  0
 0  0  0  0  0  0  0  7  7  7  7  6  0  0  0  0
 0  0  0  0  0  0  7  7  7  6  6  6  6  0  0  0
 0  0  0  0  0  7  7  7  6  6  6  6  5  5  0  0
 0  0  0  0  0  7  7  6  6  6  6  5  5  5  0  0
 0  0  0  0  0  0  0  0  0  0  0  0  0  0  0  0
 0  0  0  0  0  0  0  0  0  0  0  0  0  0  0  0

# ─── Wetlands / swamp overlay ────────────────────────────────────────────────
# Reed clusters: OK/14 tips, INK_LOW/6 stems, INK_MID/7 roots; CYAN/17 water glints
[swamp]
 0  0  0  0  0  0  0  0  0  0  0  0  0  0  0  0
 0  0  0  0  0  0  0  0  0  0  0  0  0  0  0  0
 0  0  0  0  0  0 14  0  0  0  0  0  0  0  0  0
 0  0  0  0 14  0  7  0  7  0  0  0  0  0  0  0
 0  0  0  0  0  0  0  0  0  0  0  0  0  0  0  0
 0  0  0  0  6  7  6  7  5  0  0  0  0  0  0  0
 0  0  0  0 17 17 17 17 17  0  0  0  0  0  0  0
 0  0  0  0  0  0  0  0  0  0  0 14  0  0  0  0
 0  0  0  0  0  0  0  0  0 14  0  7  0  7  0  0
 0  0  0 14  0  0  0  0  0  0  0  0  0  0  0  0
 0 14  0  7  0  7  0  0  0  6  7  6  7  5  0  0
 0  0  0  0  0  0  0  0  0 17 17 17 17 17  0  0
 0  6  7  6  7  5  0  0  0  0  0  0  0  0  0  0
 0 17 17 17 17 17  0  0  0  0  0  0  0  0  0  0
 0  0  0  0  0  0  0  0  0  0  0  0  0  0  0  0
 0  0  0  0  0  0  0  0  0  0  0  0  0  0  0  0

# ─── Irrigation overlay ───────────────────────────────────────────────────────
# Col 7 = CYAN vertical channel; rows 3 & 11 = green dashes; row 7 = CYAN row
# 2×2 soil patches (5=BORDER, 6=INK_LOW) fill the field cells
[irrigation]
 0  0  0  0  0  0  0  0  0  0  0  0  0  0  0  0
 0  0  0  0  0  0  0  0  0  0  0  0  0  0  0  0
 0  0  0  0  0  0  0  0 14  0 14  0 14  0 14  0
 0  0  0  0  0  0  0  0  0  0  0  0  0  0  0  0
 7 14  7 14  7 14  7 14  0  0  0  0  0  0  0  0
 0  0  0  0  0  0  0  0  0  0  0  0  0  0  0  0
 0  7  0  7  0  7  0  0 17  7 17  7 17  7 17  7
 0  0  0  0  0  0  0  0  0  0  0  0  0  0  0  0
17  0 17  5 17  0 17  0  0  0  6  6  6  0  0  0
 0  0  0  0  0  0  0  0  0  0  0  0  0  0  0  0
 0  0  0  0  0  0  0  0 14  7 14  7 14  7 14  7
 0  0  0  0  0  0  0  0  0  0  0  0  0  0  0  0
14  0 14  6 14  0 14  0  0  0  6  6  6  0  0  0
 0  0  0  0  0  0  0  0  0  0  0  0  0  0  0  0
 0  0  0  0  0  0  0 14  7 14  7 14  7 14  7 14
 0  0  0  0  0  0  0  0  0  0  0  0  0  0  0  0

# ─── Forest overlay ───────────────────────────────────────────────────────────
# Two pine canopies: outline=5(BORDER), body=38/39(mid/dark greens), trunk=40/41(browns)
[forest]
 0  0  0  0  0  0  0  0  0  0  0  0  0  0  0  0
 0  0  0  0  0  0  0  0  0  0  0  0  0  0  0  0
 0  0  0  0  0  0  5  5  0  0  0  5  5  0  0  0
 0  0  0  0  0  5 39 38  5  0  5 38 39  5  0  0
 0  0  0  0  0  5  5 39  5  0  5 39 38  5  0  0
 0  0  0  0  5 39 38  5 39  5 38 38 39 38  5  0
 0  0  0  0  5 38 39  5 38  5 39 39 38 38  5  0
 0  0  0  5 39 39 38 39  5 38 38 38 39 38 38  5
 0  0  0  5 39 38 38 38  5  5  5 40 41  5  5  5
 0  0  5 38 38 38 38 39 39  5 39  5  5  0  0  0
 0  0  5 39 38 39 39 38 38  5  5  5  0  0  0  0
 0  5 38 38 39 38 39 39 38 39  5  0  0  0  0  0
 0  5  5  5 38 39 39 38  5  5  5  0  0  0  0  0
 0  0  0  0  5 40 41  5  0  0  0  0  0  0  0  0
 0  0  0  0  0  5  5  0  0  0  0  0  0  0  0  0
 0  0  0  0  0  0  0  0  0  0  0  0  0  0  0  0

# ─── Jungle overlay ───────────────────────────────────────────────────────────
# Dense canopy (greens 37-39) over four trunks (40/41=browns); 5=BORDER outline
[jungle]
 0  0  0  0  0  0  0  5  0  5  0  0  0  5  0  0
 0  0  0  5  0  0  5 39  5 39  5  0  5  0  5  0
 0  0  5 39  5  5 39 38 37 39 38  5 37 38 37  5
 0  5 38 38  5 37 38 39 39 38 39 37 38 39 39  5
 0  5 39 38 37 38 37 38 37 38 38 39 39 38 37  5
 0  5 37 39 39 37 39 39 37 38 39 39 39 37  5  0
 0  5 38 39 38  5 38 38 38 37 37 38 38 40  5  0
 0  0  5 41  5  0  5 40  5  5  5 41  5 40  5  0
 0  0  5 41  5  0  5 41  5  0  5 40  5 41  5  0
 0  0  5 40  5  0  5 40  5  0  5 40  5 41  5  0
 0  0  5 41  5  0  5 41  5  0  5 41  5 41  5  0
 0  0  5 41  5  0  5 40  5  0  5 41  5 40  5  0
 0  0  5 40  5  0  5 41  5  0  5 40  5 41  5  0
 0  0  5 41  5  0  5 40  5  0  5 40  5 40  5  0
 0  0  5 40  5  0  0  0  0  0  5 41  5  0  0  0
 0  0  0  0  0  0  0  0  0  0  0  0  0  0  0  0

# ─── Desert overlay ───────────────────────────────────────────────────────────
# Sparse sand speckles: yellows (42-47) on transparent base
# Note: hardcoded fallback uses procedural noise; this static section takes precedence
[desert]
43  0 45 42  0 44  0 46  0 43  0 47  0 45  0 42
 0 44 46  0 43  0 45  0 42 46  0 43  0  0 44  0
42  0  0 43 47 44  0  0 45  0 43  0 46 42  0  0
 0 45 43  0  0 46 44 43  0 47  0 45  0  0 42  0
46  0  0 44 43  0  0 42  0  0 47 43  0 44  0 46
 0 43  0  0 45 47  0 44  0 43 42  0 46  0 43  0
44  0 47  0  0 43  0  0 46 44  0  0 43 42  0 45
 0  0 43 46  0  0 44  0 43  0 45  0  0 47  0  0
43  0  0 45  0 42 46  0  0 43  0 44  0  0 47 43
 0 47 43  0  0 44  0 45  0  0 42 43  0 46  0  0
45  0  0 46 43  0  0 42  0 47  0  0 44 43  0 45
 0 43 44  0  0 47  0  0 43  0 46  0  0 42 43  0
42  0  0 43  0  0 44 46 43  0  0 45  0  0  0 47
 0 46 43  0 44  0  0 43  0 42 47  0 43  0 44  0
47  0  0 44 43  0 46  0  0 43  0 45  0 44 42  0
 0 43 45  0  0 42 43  0 47  0 44  0 43  0  0 46
