# CivOne improvement tile overrides
# Loaded at startup from the working directory (project root when using build.sh).
# Each section is a 16×16 grid of palette indices (0 = transparent).
# Edit and re-run, or use Debug → Reload Free Tiles — no recompile needed.
#
# Palette guide (see CassetteTheme.cs): 1=near-black  5=dark brown/border
#   6=brown  7=stone grey  8=cream  11=amber  12=bright amber  15=white
#   16-31 = greyscale ramp (20 ≈ steel)   32-39 = green ramp (light→dark)
#
# Missing sections fall back to the built-in procedural draw in MapTile.cs.
#
# Roads and railroads are composited per direction: the drawer overlays one
# section per connected neighbour (n/s/e/w and the diagonals ne/nw/se/sw),
# then paints a 2×2 hub at the centre. So each road_*/rail_* section holds just
# that single spoke — leave the centre for the hub. Any direction you don't
# define falls back to the procedural spoke, so you can edit a few and leave
# the rest.

# ─── Mine: dark shaft with amber ore glints ──────────────────────────────────
[mine]
 0  0  0  0  0  0  0  0  0  0  0  0  0  0  0  0
 0  0  0  0  0  0  0  0  0  0  0  0  0  0  0  0
 0  0  0  0  0  0  0  0  0  0  0  0  0  0  0  0
 0  0  0  0  0  0  0  0  0  0  0  0  0  0  0  0
 0  0  0  0  0  0  0  0  0  0  0  0  0  0  0  0
 0  0  0  0  0  0  0  0  0  0  0  0  0  0  0  0
 0  0  0  0  0  5  5  5  5  5  5  5  0  0  0  0
 0  0  0  0  0  5  5  5  5  5 12  5  0  0  0  0
 0  0  0  0  0  5  1  1  1  1  1  5  0  0  0  0
 0  0  0  0  0  5  1 12  1  1  1  5  0  0  0  0
 0  0  0  0  0  5  1  1  1 12  1  5  0  0  0  0
 0  0  0  0  0  5  1  1  1  1  1  5  0  0  0  0
 0  0  0  0  0  5  5  5  5  5  5  5  0  0  0  0
 0  0  0  0  0  0  0  0  0  0  0  0  0  0  0  0
 0  0  0  0  0  0  0  0  0  0  0  0  0  0  0  0
 0  0  0  0  0  0  0  0  0  0  0  0  0  0  0  0

# ─── Fortress: crenellated stone wall, hollow interior ───────────────────────
[fortress]
 0  0  0  0  0  0  0  0  0  0  0  0  0  0  0  0
 0  0  7  7  0  7  7  0  7  7  0  7  7  0  0  0
 0  0  7  7  0  7  7  0  7  7  0  7  7  0  0  0
 0  0  7  7  7  7  7  7  7  7  7  7  7  7  0  0
 0  0  7  7  7  7  7  7  7  7  7  7  7  7  0  0
 0  0  7  7  0  0  0  0  0  0  0  0  7  7  0  0
 0  0  7  7  0  0  0  0  0  0  0  0  7  7  0  0
 0  0  7  7  0  0  0  0  0  0  0  0  7  7  0  0
 0  0  7  7  0  0  0  0  0  0  0  0  7  7  0  0
 0  0  7  7  0  0  0  0  0  0  0  0  7  7  0  0
 0  0  7  7  0  0  0  0  0  0  0  0  7  7  0  0
 0  0  7  7  0  0  0  0  0  0  0  0  7  7  0  0
 0  0  7  7  7  7  7  7  7  7  7  7  7  7  0  0
 0  0  7  7  7  7  7  7  7  7  7  7  7  7  0  0
 0  0  0  0  0  0  0  0  0  0  0  0  0  0  0  0
 0  0  0  0  0  0  0  0  0  0  0  0  0  0  0  0

# ─── Hut: brown hut, peaked roof, dark doorway ───────────────────────────────
[hut]
 0  0  0  0  0  0  0  0  0  0  0  0  0  0  0  0
 0  0  0  0  0  0  0  0  0  0  0  0  0  0  0  0
 0  0  0  0  0  0  0  0  0  0  0  0  0  0  0  0
 0  0  0  0  0  0  0  0  0  0  0  0  0  0  0  0
 0  0  0  0  0  0  0  0  0  0  0  0  0  0  0  0
 0  0  0  0  0  0  5  5  5  5  0  0  0  0  0  0
 0  0  0  0  0  0  5  5  5  5  0  0  0  0  0  0
 0  0  0  5  5  5  5  5  5  5  5  5  5  0  0  0
 0  0  0  0  6  6  6  6  6  6  6  6  0  0  0  0
 0  0  0  0  6  6  6  6  6  6  6  6  0  0  0  0
 0  0  0  0  6  6  6  1  1  6  6  6  0  0  0  0
 0  0  0  0  6  6  6  1  1  6  6  6  0  0  0  0
 0  0  0  0  6  6  6  1  1  6  6  6  0  0  0  0
 0  0  0  0  0  0  0  0  0  0  0  0  0  0  0  0
 0  0  0  0  0  0  0  0  0  0  0  0  0  0  0  0
 0  0  0  0  0  0  0  0  0  0  0  0  0  0  0  0

[road_n]
 0  0  0  0  0  0  0  0  6  0  0  0  0  0  0  0
 0  0  0  0  0  0  0  0  6  0  0  0  0  0  0  0
 0  0  0  0  0  0  0  6  0  0  0  0  0  0  0  0
 0  0  0  0  0  0  6  0  0  0  0  0  0  0  0  0
 0  0  0  0  0  0  0  6  0  0  0  0  0  0  0  0
 0  0  0  0  0  0  0  0  6  0  0  0  0  0  0  0
 0  0  0  0  0  0  0  0  6  0  0  0  0  0  0  0
 0  0  0  0  0  0  0  0  0  0  0  0  0  0  0  0
 0  0  0  0  0  0  0  0  0  0  0  0  0  0  0  0
 0  0  0  0  0  0  0  0  0  0  0  0  0  0  0  0
 0  0  0  0  0  0  0  0  0  0  0  0  0  0  0  0
 0  0  0  0  0  0  0  0  0  0  0  0  0  0  0  0
 0  0  0  0  0  0  0  0  0  0  0  0  0  0  0  0
 0  0  0  0  0  0  0  0  0  0  0  0  0  0  0  0
 0  0  0  0  0  0  0  0  0  0  0  0  0  0  0  0
 0  0  0  0  0  0  0  0  0  0  0  0  0  0  0  0

[road_s]
 0  0  0  0  0  0  0  0  0  0  0  0  0  0  0  0
 0  0  0  0  0  0  0  0  0  0  0  0  0  0  0  0
 0  0  0  0  0  0  0  0  0  0  0  0  0  0  0  0
 0  0  0  0  0  0  0  0  0  0  0  0  0  0  0  0
 0  0  0  0  0  0  0  0  0  0  0  0  0  0  0  0
 0  0  0  0  0  0  0  0  0  0  0  0  0  0  0  0
 0  0  0  0  0  0  0  0  0  0  0  0  0  0  0  0
 0  0  0  0  0  0  0  0  0  0  0  0  0  0  0  0
 0  0  0  0  0  0  0  0  0  0  0  0  0  0  0  0
 0  0  0  0  0  0  0  6  0  0  0  0  0  0  0  0
 0  0  0  0  0  0  0  6  0  0  0  0  0  0  0  0
 0  0  0  0  0  0  0  6  0  0  0  0  0  0  0  0
 0  0  0  0  0  0  0  0  6  0  0  0  0  0  0  0
 0  0  0  0  0  0  0  0  0  6  0  0  0  0  0  0
 0  0  0  0  0  0  0  0  6  0  0  0  0  0  0  0
 0  0  0  0  0  0  0  0  6  0  0  0  0  0  0  0

[road_e]
 0  0  0  0  0  0  0  0  0  0  0  0  0  0  0  0
 0  0  0  0  0  0  0  0  0  0  0  0  0  0  0  0
 0  0  0  0  0  0  0  0  0  0  0  0  0  0  0  0
 0  0  0  0  0  0  0  0  0  0  0  0  0  0  0  0
 0  0  0  0  0  0  0  0  0  0  0  0  0  0  0  0
 0  0  0  0  0  0  0  0  0  0  0  0  0  0  0  0
 0  0  0  0  0  0  0  0  0  0  0  0  0  0  0  0
 0  0  0  0  0  0  0  0  0  6  0  0  0  0  6  6
 0  0  0  0  0  0  0  0  0  0  6  6  0  6  0  0
 0  0  0  0  0  0  0  0  0  0  0  0  6  0  0  0
 0  0  0  0  0  0  0  0  0  0  0  0  0  0  0  0
 0  0  0  0  0  0  0  0  0  0  0  0  0  0  0  0
 0  0  0  0  0  0  0  0  0  0  0  0  0  0  0  0
 0  0  0  0  0  0  0  0  0  0  0  0  0  0  0  0
 0  0  0  0  0  0  0  0  0  0  0  0  0  0  0  0
 0  0  0  0  0  0  0  0  0  0  0  0  0  0  0  0

[road_w]
 0  0  0  0  0  0  0  0  0  0  0  0  0  0  0  0
 0  0  0  0  0  0  0  0  0  0  0  0  0  0  0  0
 0  0  0  0  0  0  0  0  0  0  0  0  0  0  0  0
 0  0  0  0  0  0  0  0  0  0  0  0  0  0  0  0
 0  0  0  0  0  0  0  0  0  0  0  0  0  0  0  0
 0  0  0  0  0  0  0  0  0  0  0  0  0  0  0  0
 0  0  0  0  6  0  0  0  0  0  0  0  0  0  0  0
 6  0  0  6  0  6  6  0  0  0  0  0  0  0  0  0
 0  6  6  0  0  0  0  0  0  0  0  0  0  0  0  0
 0  0  0  0  0  0  0  0  0  0  0  0  0  0  0  0
 0  0  0  0  0  0  0  0  0  0  0  0  0  0  0  0
 0  0  0  0  0  0  0  0  0  0  0  0  0  0  0  0
 0  0  0  0  0  0  0  0  0  0  0  0  0  0  0  0
 0  0  0  0  0  0  0  0  0  0  0  0  0  0  0  0
 0  0  0  0  0  0  0  0  0  0  0  0  0  0  0  0
 0  0  0  0  0  0  0  0  0  0  0  0  0  0  0  0

[road_ne]
 0  0  0  0  0  0  0  0  0  0  0  0  0  0  0  6
 0  0  0  0  0  0  0  0  0  0  0  0  0  0  6  0
 0  0  0  0  0  0  0  0  0  0  0  0  0  6  0  0
 0  0  0  0  0  0  0  0  0  0  0  0  0  6  0  0
 0  0  0  0  0  0  0  0  0  0  0  0  6  0  0  0
 0  0  0  0  0  0  0  0  0  0  6  6  0  0  0  0
 0  0  0  0  0  0  0  0  0  6  0  0  0  0  0  0
 0  0  0  0  0  0  0  0  0  0  0  0  0  0  0  0
 0  0  0  0  0  0  0  0  0  0  0  0  0  0  0  0
 0  0  0  0  0  0  0  0  0  0  0  0  0  0  0  0
 0  0  0  0  0  0  0  0  0  0  0  0  0  0  0  0
 0  0  0  0  0  0  0  0  0  0  0  0  0  0  0  0
 0  0  0  0  0  0  0  0  0  0  0  0  0  0  0  0
 0  0  0  0  0  0  0  0  0  0  0  0  0  0  0  0
 0  0  0  0  0  0  0  0  0  0  0  0  0  0  0  0
 0  0  0  0  0  0  0  0  0  0  0  0  0  0  0  0

[road_nw]
 6  0  0  0  0  0  0  0  0  0  0  0  0  0  0  0
 0  6  0  0  0  0  0  0  0  0  0  0  0  0  0  0
 0  6  0  0  0  0  0  0  0  0  0  0  0  0  0  0
 0  0  6  6  6  0  0  0  0  0  0  0  0  0  0  0
 0  0  0  0  0  6  0  0  0  0  0  0  0  0  0  0
 0  0  0  0  0  6  0  0  0  0  0  0  0  0  0  0
 0  0  0  0  0  0  6  0  0  0  0  0  0  0  0  0
 0  0  0  0  0  0  0  0  0  0  0  0  0  0  0  0
 0  0  0  0  0  0  0  0  0  0  0  0  0  0  0  0
 0  0  0  0  0  0  0  0  0  0  0  0  0  0  0  0
 0  0  0  0  0  0  0  0  0  0  0  0  0  0  0  0
 0  0  0  0  0  0  0  0  0  0  0  0  0  0  0  0
 0  0  0  0  0  0  0  0  0  0  0  0  0  0  0  0
 0  0  0  0  0  0  0  0  0  0  0  0  0  0  0  0
 0  0  0  0  0  0  0  0  0  0  0  0  0  0  0  0
 0  0  0  0  0  0  0  0  0  0  0  0  0  0  0  0

[road_se]
 0  0  0  0  0  0  0  0  0  0  0  0  0  0  0  0
 0  0  0  0  0  0  0  0  0  0  0  0  0  0  0  0
 0  0  0  0  0  0  0  0  0  0  0  0  0  0  0  0
 0  0  0  0  0  0  0  0  0  0  0  0  0  0  0  0
 0  0  0  0  0  0  0  0  0  0  0  0  0  0  0  0
 0  0  0  0  0  0  0  0  0  0  0  0  0  0  0  0
 0  0  0  0  0  0  0  0  0  0  0  0  0  0  0  0
 0  0  0  0  0  0  0  0  0  0  0  0  0  0  0  0
 0  0  0  0  0  0  0  0  0  0  0  0  0  0  0  0
 0  0  0  0  0  0  0  0  0  6  0  0  0  0  0  0
 0  0  0  0  0  0  0  0  0  6  0  0  0  0  0  0
 0  0  0  0  0  0  0  0  0  0  6  6  0  0  0  0
 0  0  0  0  0  0  0  0  0  0  0  0  6  6  0  0
 0  0  0  0  0  0  0  0  0  0  0  0  0  0  6  0
 0  0  0  0  0  0  0  0  0  0  0  0  0  0  6  0
 0  0  0  0  0  0  0  0  0  0  0  0  0  0  0  6

[road_sw]
 0  0  0  0  0  0  0  0  0  0  0  0  0  0  0  0
 0  0  0  0  0  0  0  0  0  0  0  0  0  0  0  0
 0  0  0  0  0  0  0  0  0  0  0  0  0  0  0  0
 0  0  0  0  0  0  0  0  0  0  0  0  0  0  0  0
 0  0  0  0  0  0  0  0  0  0  0  0  0  0  0  0
 0  0  0  0  0  0  0  0  0  0  0  0  0  0  0  0
 0  0  0  0  0  0  0  0  0  0  0  0  0  0  0  0
 0  0  0  0  0  0  0  0  0  0  0  0  0  0  0  0
 0  0  0  0  0  0  0  0  0  0  0  0  0  0  0  0
 0  0  0  0  0  6  6  0  0  0  0  0  0  0  0  0
 0  0  0  0  6  0  0  0  0  0  0  0  0  0  0  0
 0  0  0  0  6  0  0  0  0  0  0  0  0  0  0  0
 0  0  0  0  6  0  0  0  0  0  0  0  0  0  0  0
 0  0  0  6  0  0  0  0  0  0  0  0  0  0  0  0
 0  6  6  0  0  0  0  0  0  0  0  0  0  0  0  0
 6  0  0  0  0  0  0  0  0  0  0  0  0  0  0  0

[rail_n]
 0  0  0  0  0  0  0  0  5  0  0  0  0  0  0  0
 0  0  0  0  0  0  0  0  1  0  0  0  0  0  0  0
 0  0  0  0  0  0  0  0  5  0  0  0  0  0  0  0
 0  0  0  0  0  0  0  0  0  1  0  0  0  0  0  0
 0  0  0  0  0  0  0  0  5  0  0  0  0  0  0  0
 0  0  0  0  0  0  0  0  1  0  0  0  0  0  0  0
 0  0  0  0  0  0  0  0  5  0  0  0  0  0  0  0
 0  0  0  0  0  0  0  0  0  0  0  0  0  0  0  0
 0  0  0  0  0  0  0  0  0  0  0  0  0  0  0  0
 0  0  0  0  0  0  0  0  0  0  0  0  0  0  0  0
 0  0  0  0  0  0  0  0  0  0  0  0  0  0  0  0
 0  0  0  0  0  0  0  0  0  0  0  0  0  0  0  0
 0  0  0  0  0  0  0  0  0  0  0  0  0  0  0  0
 0  0  0  0  0  0  0  0  0  0  0  0  0  0  0  0
 0  0  0  0  0  0  0  0  0  0  0  0  0  0  0  0
 0  0  0  0  0  0  0  0  0  0  0  0  0  0  0  0

[rail_s]
 0  0  0  0  0  0  0  0  0  0  0  0  0  0  0  0
 0  0  0  0  0  0  0  0  0  0  0  0  0  0  0  0
 0  0  0  0  0  0  0  0  0  0  0  0  0  0  0  0
 0  0  0  0  0  0  0  0  0  0  0  0  0  0  0  0
 0  0  0  0  0  0  0  0  0  0  0  0  0  0  0  0
 0  0  0  0  0  0  0  0  0  0  0  0  0  0  0  0
 0  0  0  0  0  0  0  0  0  0  0  0  0  0  0  0
 0  0  0  0  0  0  0  0  0  0  0  0  0  0  0  0
 0  0  0  0  0  0  0  0  0  0  0  0  0  0  0  0
 0  0  0  0  0  0  0  0  5  0  0  0  0  0  0  0
 0  0  0  0  0  0  0  0  1  0  0  0  0  0  0  0
 0  0  0  0  0  0  0  0  5  0  0  0  0  0  0  0
 0  0  0  0  0  0  0  1  0  0  0  0  0  0  0  0
 0  0  0  0  0  0  0  0  5  0  0  0  0  0  0  0
 0  0  0  0  0  0  0  0  1  0  0  0  0  0  0  0
 0  0  0  0  0  0  0  0  5  0  0  0  0  0  0  0

[rail_e]
 0  0  0  0  0  0  0  0  0  0  0  0  0  0  0  0
 0  0  0  0  0  0  0  0  0  0  0  0  0  0  0  0
 0  0  0  0  0  0  0  0  0  0  0  0  0  0  0  0
 0  0  0  0  0  0  0  0  0  0  0  0  0  0  0  0
 0  0  0  0  0  0  0  0  0  0  0  0  0  0  0  0
 0  0  0  0  0  0  0  0  0  0  0  0  0  0  0  0
 0  0  0  0  0  0  0  0  0  0  0  0  0  0  0  0
 0  0  0  0  0  0  0  0  0  0  0  0  1  5  1  0
 0  0  0  0  0  0  0  0  0  5  1  5  0  0  0  5
 0  0  0  0  0  0  0  0  0  0  0  0  0  0  0  0
 0  0  0  0  0  0  0  0  0  0  0  0  0  0  0  0
 0  0  0  0  0  0  0  0  0  0  0  0  0  0  0  0
 0  0  0  0  0  0  0  0  0  0  0  0  0  0  0  0
 0  0  0  0  0  0  0  0  0  0  0  0  0  0  0  0
 0  0  0  0  0  0  0  0  0  0  0  0  0  0  0  0
 0  0  0  0  0  0  0  0  0  0  0  0  0  0  0  0

[rail_w]
 0  0  0  0  0  0  0  0  0  0  0  0  0  0  0  0
 0  0  0  0  0  0  0  0  0  0  0  0  0  0  0  0
 0  0  0  0  0  0  0  0  0  0  0  0  0  0  0  0
 0  0  0  0  0  0  0  0  0  0  0  0  0  0  0  0
 0  0  0  0  0  0  0  0  0  0  0  0  0  0  0  0
 0  0  0  0  0  0  0  0  0  0  0  0  0  0  0  0
 0  0  0  0  0  0  0  0  0  0  0  0  0  0  0  0
 1  0  0  0  1  5  1  0  0  0  0  0  0  0  0  0
 0  5  1  5  0  0  0  0  0  0  0  0  0  0  0  0
 0  0  0  0  0  0  0  0  0  0  0  0  0  0  0  0
 0  0  0  0  0  0  0  0  0  0  0  0  0  0  0  0
 0  0  0  0  0  0  0  0  0  0  0  0  0  0  0  0
 0  0  0  0  0  0  0  0  0  0  0  0  0  0  0  0
 0  0  0  0  0  0  0  0  0  0  0  0  0  0  0  0
 0  0  0  0  0  0  0  0  0  0  0  0  0  0  0  0
 0  0  0  0  0  0  0  0  0  0  0  0  0  0  0  0

[rail_ne]
 0  0  0  0  0  0  0  0  0  0  0  0  0  0  0  5
 0  0  0  0  0  0  0  0  0  0  0  0  0  0  1  0
 0  0  0  0  0  0  0  0  0  0  0  0  0  5  0  0
 0  0  0  0  0  0  0  0  0  0  0  0  1  0  0  0
 0  0  0  0  0  0  0  0  0  0  0  0  5  0  0  0
 0  0  0  0  0  0  0  0  0  0  5  1  0  0  0  0
 0  0  0  0  0  0  0  0  0  1  0  0  0  0  0  0
 0  0  0  0  0  0  0  0  0  0  0  0  0  0  0  0
 0  0  0  0  0  0  0  0  0  0  0  0  0  0  0  0
 0  0  0  0  0  0  0  0  0  0  0  0  0  0  0  0
 0  0  0  0  0  0  0  0  0  0  0  0  0  0  0  0
 0  0  0  0  0  0  0  0  0  0  0  0  0  0  0  0
 0  0  0  0  0  0  0  0  0  0  0  0  0  0  0  0
 0  0  0  0  0  0  0  0  0  0  0  0  0  0  0  0
 0  0  0  0  0  0  0  0  0  0  0  0  0  0  0  0
 0  0  0  0  0  0  0  0  0  0  0  0  0  0  0  0

[rail_nw]
 5  0  0  0  0  0  0  0  0  0  0  0  0  0  0  0
 0  1  0  0  0  0  0  0  0  0  0  0  0  0  0  0
 0  0  5  0  0  0  0  0  0  0  0  0  0  0  0  0
 0  0  1  0  0  0  0  0  0  0  0  0  0  0  0  0
 0  0  0  5  0  0  0  0  0  0  0  0  0  0  0  0
 0  0  0  0  1  0  0  0  0  0  0  0  0  0  0  0
 0  0  0  0  0  5  1  0  0  0  0  0  0  0  0  0
 0  0  0  0  0  0  0  0  0  0  0  0  0  0  0  0
 0  0  0  0  0  0  0  0  0  0  0  0  0  0  0  0
 0  0  0  0  0  0  0  0  0  0  0  0  0  0  0  0
 0  0  0  0  0  0  0  0  0  0  0  0  0  0  0  0
 0  0  0  0  0  0  0  0  0  0  0  0  0  0  0  0
 0  0  0  0  0  0  0  0  0  0  0  0  0  0  0  0
 0  0  0  0  0  0  0  0  0  0  0  0  0  0  0  0
 0  0  0  0  0  0  0  0  0  0  0  0  0  0  0  0
 0  0  0  0  0  0  0  0  0  0  0  0  0  0  0  0

[rail_se]
 0  0  0  0  0  0  0  0  0  0  0  0  0  0  0  0
 0  0  0  0  0  0  0  0  0  0  0  0  0  0  0  0
 0  0  0  0  0  0  0  0  0  0  0  0  0  0  0  0
 0  0  0  0  0  0  0  0  0  0  0  0  0  0  0  0
 0  0  0  0  0  0  0  0  0  0  0  0  0  0  0  0
 0  0  0  0  0  0  0  0  0  0  0  0  0  0  0  0
 0  0  0  0  0  0  0  0  0  0  0  0  0  0  0  0
 0  0  0  0  0  0  0  0  0  0  0  0  0  0  0  0
 0  0  0  0  0  0  0  0  0  0  0  0  0  0  0  0
 0  0  0  0  0  0  0  0  0  5  0  0  0  0  0  0
 0  0  0  0  0  0  0  0  0  0  1  0  0  0  0  0
 0  0  0  0  0  0  0  0  0  0  0  5  0  0  0  0
 0  0  0  0  0  0  0  0  0  0  0  0  1  0  0  0
 0  0  0  0  0  0  0  0  0  0  0  0  5  0  0  0
 0  0  0  0  0  0  0  0  0  0  0  0  0  1  5  0
 0  0  0  0  0  0  0  0  0  0  0  0  0  0  0  1

[rail_sw]
 0  0  0  0  0  0  0  0  0  0  0  0  0  0  0  0
 0  0  0  0  0  0  0  0  0  0  0  0  0  0  0  0
 0  0  0  0  0  0  0  0  0  0  0  0  0  0  0  0
 0  0  0  0  0  0  0  0  0  0  0  0  0  0  0  0
 0  0  0  0  0  0  0  0  0  0  0  0  0  0  0  0
 0  0  0  0  0  0  0  0  0  0  0  0  0  0  0  0
 0  0  0  0  0  0  0  0  0  0  0  0  0  0  0  0
 0  0  0  0  0  0  0  0  0  0  0  0  0  0  0  0
 0  0  0  0  0  0  0  0  0  0  0  0  0  0  0  0
 0  0  0  0  0  0  1  0  0  0  0  0  0  0  0  0
 0  0  0  0  0  5  0  0  0  0  0  0  0  0  0  0
 0  0  0  0  8  0  0  0  0  0  0  0  0  0  0  0
 0  0  0  5  0  0  0  0  0  0  0  0  0  0  0  0
 0  0  0  1  0  0  0  0  0  0  0  0  0  0  0  0
 0  1  5  0  0  0  0  0  0  0  0  0  0  0  0  0
 5  0  0  0  0  0  0  0  0  0  0  0  0  0  0  0

