# lake_shores.txt
# Per-direction beach overlays for lake tiles.
# Colours: 47=sandy bank, 46=wet sand/pebble, 0=transparent.
# Each section is a 16x16 grid of palette indices.

[lake_N]
# Land is north: beach strip at top of tile.
 35  35 237  47  35  47 237  47 237  47  35  47 237  47  35  35
 35  47   0  66  47  66   0  66   0  66  47  66   0  66 237  35
237   0   0   0  66   0   0   0   0   0  66   0   0   0  66  47
  0   0   0   0   0   0   0   0   0   0   0   0   0   0   0  66
  0   0   0   0   0   0   0   0   0   0   0   0   0   0   0   0
  0   0   0   0   0   0   0   0   0   0   0   0   0   0   0   0
  0   0   0   0   0   0   0   0   0   0   0   0   0   0   0   0
  0   0   0   0   0   0   0   0   0   0   0   0   0   0   0   0
  0   0   0   0   0   0   0   0   0   0   0   0   0   0   0   0
  0   0   0   0   0   0   0   0   0   0   0   0   0   0   0   0
  0   0   0   0   0   0   0   0   0   0   0   0   0   0   0   0
  0   0   0   0   0   0   0   0   0   0   0   0   0   0   0   0
  0   0   0   0   0   0   0   0   0   0   0   0   0   0   0   0
  0   0   0   0   0   0   0   0   0   0   0   0   0   0   0   0
  0   0   0   0   0   0   0   0   0   0   0   0   0   0   0   0
  0   0   0   0   0   0   0   0   0   0   0   0   0   0   0   0

[lake_S]
# Land is south: beach strip at bottom of tile.
  0   0   0   0   0   0   0   0   0   0   0   0   0   0   0   0
  0   0   0   0   0   0   0   0   0   0   0   0   0   0   0   0
  0   0   0   0   0   0   0   0   0   0   0   0   0   0   0   0
  0   0   0   0   0   0   0   0   0   0   0   0   0   0   0   0
  0   0   0   0   0   0   0   0   0   0   0   0   0   0   0   0
  0   0   0   0   0   0   0   0   0   0   0   0   0   0   0   0
  0   0   0   0   0   0   0   0   0   0   0   0   0   0   0   0
  0   0   0   0   0   0   0   0   0   0   0   0   0   0   0   0
  0   0   0   0   0   0   0   0   0   0   0   0   0   0   0   0
  0   0   0   0   0   0   0   0   0   0   0   0   0   0   0   0
  0   0   0   0   0   0   0   0   0   0   0   0   0   0   0   0
  0   0   0   0   0   0   0   0   0   0   0   0   0   0   0   0
  0   0   0   0   0   0   0   0   0   0   0   0   0   0   0   0
 66   0   0   0   0   0   0   0   0   0   0  66   0   0 237  66
 47 237   0  66   0  66   0  66   0  66  47 237  47 237  35  35
 35  35  47 237  47 237  47 237  47  35  35  35  35  35  35  35

[lake_E]
# Land is east: beach strip at right edge of tile.
  0   0   0   0   0   0   0   0   0   0   0   0   0  66  47  35
  0   0   0   0   0   0   0   0   0   0   0   0   0   0 237  35
  0   0   0   0   0   0   0   0   0   0   0   0   0   0  66  47
  0   0   0   0   0   0   0   0   0   0   0   0   0   0   0 237
  0   0   0   0   0   0   0   0   0   0   0   0   0   0  66  47
  0   0   0   0   0   0   0   0   0   0   0   0   0   0   0 237
  0   0   0   0   0   0   0   0   0   0   0   0   0   0  66  47
  0   0   0   0   0   0   0   0   0   0   0   0   0   0   0 237
  0   0   0   0   0   0   0   0   0   0   0   0   0   0  66  47
  0   0   0   0   0   0   0   0   0   0   0   0   0   0   0 237
  0   0   0   0   0   0   0   0   0   0   0   0   0   0  66  47
  0   0   0   0   0   0   0   0   0   0   0   0   0   0   0 237
  0   0   0   0   0   0   0   0   0   0   0   0   0   0  66  47
  0   0   0   0   0   0   0   0   0   0   0   0   0   0   0 237
  0   0   0   0   0   0   0   0   0   0   0   0   0  66  47  35
  0   0   0   0   0   0   0   0   0   0   0   0   0   0 237  35

[lake_W]
# Land is west: beach strip at left edge of tile.
 35 237  66  0  0  0  0  0  0  0  0  0  0  0  0  0
 35  47   0  0  0  0  0  0  0  0  0  0  0  0  0  0
237 66   0  0  0  0  0  0  0  0  0  0  0  0  0  0
 35 237  66  0  0  0  0  0  0  0  0  0  0  0  0  0
237 66   0  0  0  0  0  0  0  0  0  0  0  0  0  0
 47  0  0  0  0  0  0  0  0  0  0  0  0  0  0  0
237 66  0  0  0  0  0  0  0  0  0  0  0  0  0  0
 47  0  0  0  0  0  0  0  0  0  0  0  0  0  0  0
237 66  0  0  0  0  0  0  0  0  0  0  0  0  0  0
 47  0  0  0  0  0  0  0  0  0  0  0  0  0  0  0
237 66  0  0  0  0  0  0  0  0  0  0  0  0  0  0
 47  0  0  0  0  0  0  0  0  0  0  0  0  0  0  0
237 66  0  0  0  0  0  0  0  0  0  0  0  0  0  0
 47  0  0  0  0  0  0  0  0  0  0  0  0  0  0  0
35 237 66  0  0  0  0  0  0  0  0  0  0  0  0  0
 35 35 47  0  0  0  0  0  0  0  0  0  0  0  0  0

[lake_NW]
# Land only at NW diagonal (no N or W cardinal land): tiny corner patch.
66  0  0  0  0  0  0  0  0  0  0  0  0  0  0  0
 0  0  0  0  0  0  0  0  0  0  0  0  0  0  0  0
 0  0  0  0  0  0  0  0  0  0  0  0  0  0  0  0
 0  0  0  0  0  0  0  0  0  0  0  0  0  0  0  0
 0  0  0  0  0  0  0  0  0  0  0  0  0  0  0  0
 0  0  0  0  0  0  0  0  0  0  0  0  0  0  0  0
 0  0  0  0  0  0  0  0  0  0  0  0  0  0  0  0
 0  0  0  0  0  0  0  0  0  0  0  0  0  0  0  0
 0  0  0  0  0  0  0  0  0  0  0  0  0  0  0  0
 0  0  0  0  0  0  0  0  0  0  0  0  0  0  0  0
 0  0  0  0  0  0  0  0  0  0  0  0  0  0  0  0
 0  0  0  0  0  0  0  0  0  0  0  0  0  0  0  0
 0  0  0  0  0  0  0  0  0  0  0  0  0  0  0  0
 0  0  0  0  0  0  0  0  0  0  0  0  0  0  0  0
 0  0  0  0  0  0  0  0  0  0  0  0  0  0  0  0
 0  0  0  0  0  0  0  0  0  0  0  0  0  0  0  0

[lake_NE]
# Land only at NE diagonal: tiny corner patch.
 0  0  0  0  0  0  0  0  0  0  0  0  0  0  0 66
 0  0  0  0  0  0  0  0  0  0  0  0  0  0  0  0
 0  0  0  0  0  0  0  0  0  0  0  0  0  0  0  0
 0  0  0  0  0  0  0  0  0  0  0  0  0  0  0  0
 0  0  0  0  0  0  0  0  0  0  0  0  0  0  0  0
 0  0  0  0  0  0  0  0  0  0  0  0  0  0  0  0
 0  0  0  0  0  0  0  0  0  0  0  0  0  0  0  0
 0  0  0  0  0  0  0  0  0  0  0  0  0  0  0  0
 0  0  0  0  0  0  0  0  0  0  0  0  0  0  0  0
 0  0  0  0  0  0  0  0  0  0  0  0  0  0  0  0
 0  0  0  0  0  0  0  0  0  0  0  0  0  0  0  0
 0  0  0  0  0  0  0  0  0  0  0  0  0  0  0  0
 0  0  0  0  0  0  0  0  0  0  0  0  0  0  0  0
 0  0  0  0  0  0  0  0  0  0  0  0  0  0  0  0
 0  0  0  0  0  0  0  0  0  0  0  0  0  0  0  0
 0  0  0  0  0  0  0  0  0  0  0  0  0  0  0  0

[lake_SW]
# Land only at SW diagonal: tiny corner patch.
 0  0  0  0  0  0  0  0  0  0  0  0  0  0  0  0
 0  0  0  0  0  0  0  0  0  0  0  0  0  0  0  0
 0  0  0  0  0  0  0  0  0  0  0  0  0  0  0  0
 0  0  0  0  0  0  0  0  0  0  0  0  0  0  0  0
 0  0  0  0  0  0  0  0  0  0  0  0  0  0  0  0
 0  0  0  0  0  0  0  0  0  0  0  0  0  0  0  0
 0  0  0  0  0  0  0  0  0  0  0  0  0  0  0  0
 0  0  0  0  0  0  0  0  0  0  0  0  0  0  0  0
 0  0  0  0  0  0  0  0  0  0  0  0  0  0  0  0
 0  0  0  0  0  0  0  0  0  0  0  0  0  0  0  0
 0  0  0  0  0  0  0  0  0  0  0  0  0  0  0  0
 0  0  0  0  0  0  0  0  0  0  0  0  0  0  0  0
 0  0 96  0  0  0  0  0  0  0  0  0  0  0  0  0
 0  0  0  0  0  0  0  0  0  0  0  0  0  0  0  0
 0  0  0  0  0  0  0  0  0  0  0  0  0  0  0  0
66  0  0  0  0  0  0  0  0  0  0  0  0  0  0  0

[lake_SE]
# Land only at SE diagonal: tiny corner patch.
 0  0  0  0  0  0  0  0  0  0  0  0  0  0  0  0
 0  0  0  0  0  0  0  0  0  0  0  0  0  0  0  0
 0  0  0  0  0  0  0  0  0  0  0  0  0  0  0  0
 0  0  0  0  0  0  0  0  0  0  0  0  0  0  0  0
 0  0  0  0  0  0  0  0  0  0  0  0  0  0  0  0
 0  0  0  0  0  0  0  0  0  0  0  0  0  0  0  0
 0  0  0  0  0  0  0  0  0  0  0  0  0  0  0  0
 0  0  0  0  0  0  0  0  0  0  0  0  0  0  0  0
 0  0  0  0  0  0  0  0  0  0  0  0  0  0  0  0
 0  0  0  0  0  0  0  0  0  0  0  0  0  0  0  0
 0  0  0  0  0  0  0  0  0  0  0  0  0  0  0  0
 0  0  0  0  0  0  0  0  0  0  0  0  0  0  0  0
 0  0  0  0  0  0  0  0  0  0  0  0  0  0  0  0
 0  0  0  0  0  0  0  0  0  0  0  0  0  0  0  0
 0  0  0  0  0  0  0  0  0  0  0  0  0  0  0  0
 0  0  0  0  0  0  0  0  0  0  0  0  0  0  0 66
