# CivOne Free-mode palette — the 256-colour base used when the original
# game assets are absent. Loaded by Common.GetPalette256.
# Format:  INDEX R G B   (0-255 each).  # comments and blank lines ignored.
# Seeded to match asset-mode rendering: cassette theme for the UI/theme
# indices (1-18, 96-103), original terrain/asset palette for the rest.
# Edit freely, then Debug -> Reload Free Tiles.

0 0 0 0
1 10 8 6   # BG0 deepest
2 18 16 9   # BG1 panel
3 27 24 16   # BG2 raised
4 38 34 26   # BG3 input well
5 58 49 34   # BORDER
6 106 90 60   # INK_LOW
7 179 156 114   # INK_MID
8 244 230 200   # INK_HIGH
9 32 21 8   # PHOS_GHOST
10 61 42 16   # PHOS_FAINT
11 192 120 24   # PHOS_DIM
12 240 160 48   # PHOS amber
13 248 192 96   # PHOS_GLOW
14 93 181 54   # OK green
15 248 244 236   # WHITE
16 196 40 32   # ALERT red
17 58 172 204   # CYAN
18 22 80 128   # OCEAN
19 200 200 200
20 184 184 184
21 168 168 168
22 152 152 152
23 132 132 132
24 116 116 116
25 100 100 100
26 84 84 84
27 68 68 68
28 52 52 52
29 32 32 32
30 16 16 16
31 32 32 32
32 108 176 84
33 108 164 68
34 108 152 60
35 112 144 48
36 88 112 32
37 156 188 96
38 36 128 0
39 32 88 0
40 56 120 16
41 92 152 44
42 132 184 84
43 176 216 136
44 160 100 48
45 200 152 96
46 84 0 0
47 64 0 0
48 252 232 216
49 84 88 160
50 24 144 24
51 0 168 168
52 252 168 92
53 252 152 64
54 188 180 84
55 168 168 168
56 84 84 84
57 116 116 236
58 164 244 164
59 136 236 232
60 132 64 0
61 112 56 0
62 236 232 168
63 64 32 0
64 84 72 160
65 84 76 168
66 84 84 180
67 88 96 192
68 96 108 200
69 100 124 212
70 108 140 224
71 116 156 236
72 228 216 0
73 204 196 0
74 180 172 0
75 156 152 0
76 132 128 0
77 112 108 0
78 88 84 0
79 64 64 0
80 248 252 216
81 236 232 168
82 236 232 168
83 224 224 152
84 208 216 136
85 192 204 120
86 172 196 108
87 156 188 96
88 120 196 92
89 112 184 80
90 104 172 68
91 100 164 56
92 96 152 48
93 92 144 40
94 88 132 32
95 84 124 24
96 210 235 248   # wave foam
97 130 200 230   # wave surf
98 58 172 204   # wave mid
99 28 95 150   # wave base
100 20 70 120   # trough1
101 15 55 98   # trough2
102 12 45 80   # trough3
103 10 35 65   # trough4
104 96 108 200
105 96 108 200
106 96 108 200
107 96 108 200
108 96 108 200
109 124 156 236
110 108 128 216
111 96 108 200
112 120 120 120
113 120 120 120
114 0 0 0
115 0 0 0
116 0 0 0
117 0 0 0
118 0 0 0
119 0 0 0
120 0 0 0
121 0 0 0
122 0 0 0
123 0 0 0
124 0 0 0
125 0 0 0
126 0 0 0
127 0 0 0
128 252 84 252
129 252 84 252
130 252 84 252
131 252 84 252
132 252 84 252
133 252 84 252
134 252 84 252
135 252 84 252
136 252 84 252
137 252 84 252
138 252 84 252
139 252 84 252
140 252 84 252
141 252 84 252
142 252 84 252
143 252 84 252
144 252 84 252
145 252 84 252
146 252 84 252
147 252 84 252
148 252 84 252
149 252 84 252
150 252 84 252
151 252 84 252
152 252 84 252
153 252 84 252
154 252 84 252
155 252 84 252
156 252 84 252
157 252 84 252
158 252 84 252
159 252 84 252
160 252 84 252
161 252 84 252
162 252 84 252
163 252 84 252
164 252 84 252
165 252 84 252
166 252 84 252
167 252 84 252
168 252 84 252
169 252 84 252
170 252 84 252
171 252 84 252
172 252 84 252
173 252 84 252
174 252 84 252
175 252 84 252
176 252 84 252
177 252 84 252
178 252 84 252
179 252 84 252
180 252 84 252
181 252 84 252
182 252 84 252
183 252 84 252
184 252 84 252
185 252 84 252
186 252 84 252
187 252 84 252
188 252 84 252
189 252 84 252
190 252 84 252
191 252 84 252
192 252 84 252
193 252 84 252
194 252 84 252
195 252 84 252
196 252 84 252
197 252 84 252
198 252 84 252
199 252 84 252
200 252 84 252
201 252 84 252
202 252 84 252
203 252 84 252
204 252 84 252
205 252 84 252
206 252 84 252
207 252 84 252
208 252 84 252
209 252 84 252
210 252 84 252
211 252 84 252
212 252 84 252
213 252 84 252
214 252 84 252
215 252 84 252
216 252 84 252
217 252 84 252
218 252 84 252
219 252 84 252
220 252 84 252
221 252 84 252
222 252 84 252
223 252 84 252
224 188 240 252
225 144 200 216
226 108 160 184
227 76 124 152
228 48 92 120
229 28 60 88
230 204 180 128
231 184 160 104
232 168 140 80
233 148 120 60
234 128 104 44
235 112 88 28
236 92 72 16
237 76 56 4
238 56 40 0
239 40 28 0
240 252 192 88
241 248 172 56
242 244 156 24
243 244 140 0
244 220 152 152
245 188 60 60
246 156 0 0
247 248 204 156
248 224 176 128
249 204 152 100
250 184 128 80
251 164 104 60
252 144 84 40
253 124 64 28
254 104 48 16
255 220 220 220
