# river_overlays.txt  (v2 — natural rivers)
# Per-tile river overlays for CivOne. Replaces the saturated 1991 river sprites
# with cassette/wave-palette water, shaped to meander like a real river rather
# than a straight canal.
#
# Format: named 16x16 sections of palette indices, identical to free_tiles.txt /
# shore_waves.txt. 0 = transparent (terrain shows through).
#
# Water palette (shared with shore_waves.txt so both animate on one cycle):
#   6 6 = WAVE_BASE  channel bank            (28, 95,150)
#  1 0 0 = trough     darker bank fleck       (20, 70,120)
#   6 7 = WAVE_SURF  channel core            (130,200,66)
#   9 6 = WAVE_FOAM  current glint / surf     (210,235,248)
#   6 8 = WAVE_MID   delta blend to sea      (58,172,204)
#   4 7 = wet-sand   occasional pebbled bank (200,152, 96)
# Rivers sit LIGHTER than ocean (index 18) so freshwater reads distinct.
#
# NATURAL LOOK — what changed vs v1:
#   * bends are quarter-arc curves, not right-angle elbows
#   * straight reaches meander (a shallow bow / S-curve) off the tile centre
#   * banks are ragged: the 66 edge wanders +/-1px with 100/47 flecks
#   * channels taper (~2px on reaches) and widen into a point-bar at bends/hubs
#
# VARIANTS — straights (NS, EW) and bends (NE, ES, SW, NW) each ship TWO cuts,
# _a and _b, with different meander phase / arc tightness. The renderer should
# pick one per tile from a stable hash of the tile's map coordinates, e.g.
#     variants[(x*7 + y*13) & 0x7fffffff) % variants.length]
# so a long river never repeats the same segment but stays deterministic.
# All other pieces (endpoints, T-junctions, confluence) have a single cut.
#
# Every channel still crosses each tile edge dead-centre (cols/rows 7-8) and runs
# straight through the outer 1px ring, so ANY variant connects to ANY neighbour.
#
# Naming: river_<dirs> over the subset of N E S W (that order) carrying river.
#   river_isolated  spring        river_NS_a/_b straight    river_NE_a/_b bend
#   river_NES T-junction          river_NESW confluence
# River mouths fire on a river tile touching ocean; composite with shore_<dir>
# for surf. rivermouth_<dir> points the delta at the sea on that side.

[river_isolated]
 0  0  0  0  0  0  0  0  0  0  0  0  0  0  0  0
 0  0  0  0  0  0  0  0  0  0  0  0  0  0  0  0
 0  0  0  0  0  0  0  0  0  0  0  0  0  0  0  0
 0  0  0  0  0  0  0  0  0  0  0  0  0  0  0  0
 0  0  0  0  0  0  0  0  0  0  0  0  0  0  0  0
 0  0  0  0  0  0  0  0  0  0  0  0  0  0  0  0
 0  0  0  0  0 66 47 18 66  0  0  0  0  0  0  0
 0  0  0  0  0 40 18 18 18 66  0  0  0  0  0  0
 0  0  0  0  0 66 66 18 66  0  0  0  0  0  0  0
 0  0  0  0  0  0  0 66  0  0  0  0  0  0  0  0
 0  0  0  0  0  0  0  0  0  0  0  0  0  0  0  0
 0  0  0  0  0  0  0  0  0  0  0  0  0  0  0  0
 0  0  0  0  0  0  0  0  0  0  0  0  0  0  0  0
 0  0  0  0  0  0  0  0  0  0  0  0  0  0  0  0
 0  0  0  0  0  0  0  0  0  0  0  0  0  0  0  0
 0  0  0  0  0  0  0  0  0  0  0  0  0  0  0  0

[river_N]
 0  0  0  0  0  0 66 18 66  0  0  0  0  0  0  0
 0  0  0  0  0  0 66 66 66  0  0  0  0  0  0  0
 0  0  0  0  0 66 98 66  0  0  0  0  0  0  0  0
 0  0  0  0  0 66 18 66  0  0  0  0  0  0  0  0
 0  0  0  0  0  0 18 100 18  0  0  0  0  0  0  0
 0  0  0  0  0  0  0 18 18 66  0  0  0  0  0  0
 0  0  0  0  0  0  0 18 66 18  0  0  0  0  0  0
 0  0  0  0  0  0 18 18 18  0  0  0  0  0  0  0
 0  0  0  0  0  0 66 18 66  0  0  0  0  0  0  0
 0  0  0  0  0  0  0 66  0  0  0  0  0  0  0  0
 0  0  0  0  0  0  0  0  0  0  0  0  0  0  0  0
 0  0  0  0  0  0  0  0  0  0  0  0  0  0  0  0
 0  0  0  0  0  0  0  0  0  0  0  0  0  0  0  0
 0  0  0  0  0  0  0  0  0  0  0  0  0  0  0  0
 0  0  0  0  0  0  0  0  0  0  0  0  0  0  0  0
 0  0  0  0  0  0  0  0  0  0  0  0  0  0  0  0

[river_E]
 0  0  0  0  0  0  0  0  0  0  0  0  0  0  0  0
 0  0  0  0  0  0  0  0  0  0  0  0  0  0  0  0
 0  0  0  0  0  0  0  0  0  0  0  0  0  0  0  0
 0  0  0  0  0  0  0  0  0  0  0  0  0  0  0  0
 0  0  0  0  0  0  0  0  0  0  0  0  0  0  0  0
 0  0  0  0  0  0  0  0  0 66 66 66  0  0  0  0
 0  0  0  0  0 66 47  0 18 18 18 18 66  0 66 66
 0  0  0  0  0 18 18 18 18 18 66 67 68 66 18 38
 0  0  0  0  0 66 66 18 18 18  0 18 66 66 66 66
 0  0  0  0  0  0  0 66  0  0  0  0  0 66  0  0
 0  0  0  0  0  0  0  0  0  0  0  0  0  0  0  0
 0  0  0  0  0  0  0  0  0  0  0  0  0  0  0  0
 0  0  0  0  0  0  0  0  0  0  0  0  0  0  0  0
 0  0  0  0  0  0  0  0  0  0  0  0  0  0  0  0
 0  0  0  0  0  0  0  0  0  0  0  0  0  0  0  0
 0  0  0  0  0  0  0  0  0  0  0  0  0  0  0  0

[river_NE_a]
 0  0  0  0  0  0 66 18 66  0  0  0  0  0  0  0
 0  0  0  0  0  0 66 66 66  0  0  0  0  0  0  0
 0  0  0  0  0 66 66 18  0  0  0  0  0  0  0  0
 0  0  0  0  0 66 18 18  0  0  0  0  0  0  0  0
 0  0  0  0  0  0 18 100 18  0  0  0  0  0  0  0
 0  0  0  0  0  0 18 18 18  0  0 66 66  0  0  0
 0  0  0  0  0  0 47 66 18 18 18 18 66 66 66 66
 0  0  0  0  0  0  0 18 18 68 67 66 66 66 18 18
 0  0  0  0  0  0  0  0 66 18 18  0  0 66 66 66
 0  0  0  0  0  0  0  0  0  0  0  0  0  0  0  0
 0  0  0  0  0  0  0  0  0  0  0  0  0  0  0  0
 0  0  0  0  0  0  0  0  0  0  0  0  0  0  0  0
 0  0  0  0  0  0  0  0  0  0  0  0  0  0  0  0
 0  0  0  0  0  0  0  0  0  0  0  0  0  0  0  0
 0  0  0  0  0  0  0  0  0  0  0  0  0  0  0  0
 0  0  0  0  0  0  0  0  0  0  0  0  0  0  0  0

[river_NE_b]
 0  0  0  0  0  0 66 18 66  0  0  0  0  0  0  0
 0  0  0  0  0  0 66 100 18  0  0  0  0  0  0  0
 0  0  0  0  0  0  0 18 67 66  0  0  0  0  0  0
 0  0  0  0  0  0  0 18 68 66  0  0  0  0  0  0
 0  0  0  0  0  0  0 18 18 18  0  0  0  0  0  0
 0  0  0  0  0  0  0  0 18 18 18  0  0  0  0  0
 0  0  0  0  0  0  0  0 66 18 18 18  0  0 66 66
 0  0  0  0  0  0  0  0 66 66 18 18 66 18 38 18
 0  0  0  0  0  0  0  0  0  0 66 66 66 66 66 66
 0  0  0  0  0  0  0  0  0  0  0  0 66 66  0  0
 0  0  0  0  0  0  0  0  0  0  0  0  0  0  0  0
 0  0  0  0  0  0  0  0  0  0  0  0  0  0  0  0
 0  0  0  0  0  0  0  0  0  0  0  0  0  0  0  0
 0  0  0  0  0  0  0  0  0  0  0  0  0  0  0  0
 0  0  0  0  0  0  0  0  0  0  0  0  0  0  0  0
 0  0  0  0  0  0  0  0  0  0  0  0  0  0  0  0

[river_S]
 0  0  0  0  0  0  0  0  0  0  0  0  0  0  0  0
 0  0  0  0  0  0  0  0  0  0  0  0  0  0  0  0
 0  0  0  0  0  0  0  0  0  0  0  0  0  0  0  0
 0  0  0  0  0  0  0  0  0  0  0  0  0  0  0  0
 0  0  0  0  0  0  0  0  0  0  0  0  0  0  0  0
 0  0  0  0  0  0  0  0  0  0  0  0  0  0  0  0
 0  0  0  0  0  0 47 18 66  0  0  0  0  0  0  0
 0  0  0  0  0  0 18 18 18  0  0  0  0  0  0  0
 0  0  0  0  0 66 18 18 18  0  0  0  0  0  0  0
 0  0  0  0  0 66 18 18  0  0  0  0  0  0  0  0
 0  0  0  0  0 66 18 18  0  0  0  0  0  0  0  0
 0  0  0  0  0  0 18 100 18  0  0  0  0  0  0  0
 0  0  0  0  0  0 66 67 66  0  0  0  0  0  0  0
 0  0  0  0  0  0  0 66 68 66  0  0  0  0  0  0
 0  0  0  0  0  0  0 66 66 66  0  0  0  0  0  0
 0  0  0  0  0  0 66 18 66  0  0  0  0  0  0  0

[river_NS_a]
 0  0  0  0  0  0 66 18 66  0  0  0  0  0  0  0
 0  0  0  0  0  0 66 66 66  0  0  0  0  0  0  0
 0  0  0  0  0  0  0 18 67 66  0  0  0  0  0  0
 0  0  0  0  0  0  0 18 18 66  0  0  0  0  0  0
 0  0  0  0  0  0  0 66 18 18 18  0  0  0  0  0
 0  0  0  0  0  0  0  0 66 18 96 66  0  0  0  0
 0  0  0  0  0  0  0  0  0 18 77 65  0  0  0  0
 0  0  0  0  0  0  0  0  0 18 18 65  0  0  0  0
 0  0  0  0  0  0  0  0  0 66 18 65  0  0  0  0
 0  0  0  0  0  0  0  0 66 18 65  0  0  0  0  0
 0  0  0  0  0  0  0  0 18 18 65  0  0  0  0  0
 0  0  0  0  0  0  0 66 18 66  0  0  0  0  0  0
 0  0  0  0  0  0 66 66 66  0  0  0  0  0  0  0
 0  0  0  0  0  0 66 67 18  0  0  0  0  0  0  0
 0  0  0  0  0  0 40 68 66  0  0  0  0  0  0  0
 0  0  0  0  0  0 66 18 109  0  0  0  0  0  0  0

[river_NS_b]
 0  0  0  0  0  0 66 18 66  0  0  0  0  0  0  0
 0  0  0  0  0  0 66 66 66  0  0  0  0  0  0  0
 0  0  0  0  0  0  0 18 18 18  0  0  0  0  0  0
 0  0  0  0  0  0  0  0 18 38 18  0  0  0  0  0
 0  0  0  0  0  0  0  0 66 18 18  0  0  0  0  0
 0  0  0  0  0  0  0  0 18 98 18 66  0  0  0  0
 0  0  0  0  0  0  0 18 18 18 66  0  0  0  0  0
 0  0  0  0  0  0 18 18 18 66  0  0  0  0  0  0
 0  0  0  0  0 18 18 18 66  0  0  0  0  0  0  0
 0  0  0  0 18 66 18 66  0  0  0  0  0  0  0  0
 0  0  0  0 18 67 66  0  0  0  0  0  0  0  0  0
 0  0  0  0 18 68 18  0  0  0  0  0  0  0  0  0
 0  0  0  0  0 18 18 66  0  0  0  0  0  0  0  0
 0  0  0  0  0 66 66 66 66  0  0  0  0  0  0  0
 0  0  0  0  0  0 109 18 66  0  0  0  0  0  0  0
 0  0  0  0  0  0 66 38 109  0  0  0  0  0  0  0

[river_ES_a]
 0  0  0  0  0  0  0  0  0  0  0  0  0  0  0  0
 0  0  0  0  0  0  0  0  0  0  0  0  0  0  0  0
 0  0  0  0  0  0  0  0  0  0  0  0  0  0  0  0
 0  0  0  0  0  0  0  0  0  0  0  0  0  0  0  0
 0  0  0  0  0  0  0  0  0  0  0  0  0  0  0  0
 0  0  0  0  0  0  0  0  0  0 66 66 66  0  0  0
 0  0  0  0  0  0  0 66 66 18 66 97 68 66 66 66
 0  0  0  0  0  0 66 18 18 18 66 18 38 66 18 18
 0  0  0  0  0 66 66 18 18 18  0  0  0 66 66 66
 0  0  0  0  0 66 18 18  0  0  0  0  0  0  0  0
 0  0  0  0  0 66 18 18  0  0  0  0  0  0  0  0
 0  0  0  0  0  0 18 66 18  0  0  0  0  0  0  0
 0  0  0  0  0  0 66 38 66  0  0  0  0  0  0  0
 0  0  0  0  0  0  0 18 66 66  0  0  0  0  0  0
 0  0  0  0  0  0  0 66 66 66  0  0  0  0  0  0
 0  0  0  0  0  0 66 18 40  0  0  0  0  0  0  0

[river_ES_b]
 0  0  0  0  0  0  0  0  0  0  0  0  0  0  0  0
 0  0  0  0  0  0  0  0  0  0  0  0  0  0  0  0
 0  0  0  0  0  0  0  0  0  0  0  0  0  0  0  0
 0  0  0  0  0  0  0  0  0  0  0  0  0  0  0  0
 0  0  0  0  0  0  0  0  0  0  0  0  0  0  0  0
 0  0  0  0  0  0  0  0  0  0  0  0  0  0  0  0
 0  0  0  0  0  0  0  0  0  0 66 66 66 66 66 66
 0  0  0  0  0  0  0  0 66 66 18 68 66 66 18 18
 0  0  0  0  0  0  0  0 66 18 67 66 18 18 66 66
 0  0  0  0  0  0  0 66 18 96 18  0  0  0  0  0
 0  0  0  0  0  0 66 18 18 18  0  0  0  0  0  0
 0  0  0  0  0  0 66 18 18  0  0  0  0  0  0  0
 0  0  0  0  0  0 66 38 18  0  0  0  0  0  0  0
 0  0  0  0  0  0  0 66 18 18  0  0  0  0  0  0  0
 0  0  0  0  0  0  0 66 66 66  0  0  0  0  0  0
 0  0  0  0  0  0 66 18 109  0  0  0  0  0  0  0

[river_NES]
 0  0  0  0  0  0 66 18 66  0  0  0  0  0  0  0
 0  0  0  0  0  0 66 66 66  0  0  0  0  0  0  0
 0  0  0  0  0  0  0 18 18 66  0  0  0  0  0  0
 0  0  0  0  0  0  0 18 18 38  0  0  0  0  0  0
 0  0  0  0  0  0  0  0 18 18 18  0  0  0  0  0
 0  0  0  0  0  0  0  0 66 18 18 66  0  0  0  0
 0  0  0  0  0 66 47 18 18 18 18 18 66 66 66 66
 0  0  0  0  0 40 18 18 18 18 96 67 68 66 67 68
 0  0  0  0  0 66 66 18 18 96 18 18 66 66 66 66
 0  0  0  0  0  0  0  0 66 66 18 66  0  0  0  0
 0  0  0  0  0  0  0  0 18 66 18  0  0  0  0  0
 0  0  0  0  0  0  0 18 18 18  0  0  0  0  0  0
 0  0  0  0  0  0 66 66 38  0  0  0  0  0  0  0
 0  0  0  0  0  0  0 18 66 66  0  0  0  0  0  0
 0  0  0  0  0  0  0 66 66 66  0  0  0  0  0  0
 0  0  0  0  0  0 66 18 18  0  0  0  0  0  0  0

[river_W]
 0  0  0  0  0  0  0  0  0  0  0  0  0  0  0  0
 0  0  0  0  0  0  0  0  0  0  0  0  0  0  0  0
 0  0  0  0  0  0  0  0  0  0  0  0  0  0  0  0
 0  0  0  0  0  0  0  0  0  0  0  0  0  0  0  0
 0  0  0  0  0  0  0  0  0  0  0  0  0  0  0  0
 0  0 66 66  0  0  0  0  0  0  0  0  0  0  0  0
69 47 66 18 18 18 18 18 66  0  0  0  0  0  0  0
38 18 66 18 98 67 66 18 18 66  0  0  0  0  0  0
69 47  0  0 18 18 18 18 66  0  0  0  0  0  0  0
 0  0  0  0  0 66  0 66  0  0  0  0  0  0  0  0
 0  0  0  0  0  0  0  0  0  0  0  0  0  0  0  0
 0  0  0  0  0  0  0  0  0  0  0  0  0  0  0  0
 0  0  0  0  0  0  0  0  0  0  0  0  0  0  0  0
 0  0  0  0  0  0  0  0  0  0  0  0  0  0  0  0
 0  0  0  0  0  0  0  0  0  0  0  0  0  0  0  0
 0  0  0  0  0  0  0  0  0  0  0  0  0  0  0  0

[river_NW_a]
 0  0  0  0  0  0 66 18 66  0  0  0  0  0  0  0
 0  0  0  0  0  0 66 66 66  0  0  0  0  0  0  0
 0  0  0  0  0  0 66 18 66  0  0  0  0  0  0  0
 0  0  0  0  0  0  0 18 18 66  0  0  0  0  0  0
 0  0  0  0  0  0  0 66 18 66  0  0  0  0  0  0
 0  0  0  0  0  0 18 97 18  0  0  0  0  0  0  0
69 47 66 18 18  0 66 66 66  0  0  0  0  0  0  0
38 18 66 18 98 18 66 18 66  0  0  0  0  0  0  0
69 47 66 18 18 67 66 66  0  0  0  0  0  0  0  0
 0  0  0  0  0 66  0  0  0  0  0  0  0  0  0  0
 0  0  0  0  0  0  0  0  0  0  0  0  0  0  0  0
 0  0  0  0  0  0  0  0  0  0  0  0  0  0  0  0
 0  0  0  0  0  0  0  0  0  0  0  0  0  0  0  0
 0  0  0  0  0  0  0  0  0  0  0  0  0  0  0  0
 0  0  0  0  0  0  0  0  0  0  0  0  0  0  0  0
 0  0  0  0  0  0  0  0  0  0  0  0  0  0  0  0

[river_NW_b]
 0  0  0  0  0  0 66 18 66  0  0  0  0  0  0  0
 0  0  0  0  0  0 18 66 66  0  0  0  0  0  0  0
 0  0  0  0  0  0 18 18 66  0  0  0  0  0  0  0
 0  0  0  0  0 66 38 18  0  0  0  0  0  0  0  0
 0  0  0  0  0 18 66 18  0  0  0  0  0  0  0  0
 0  0 66 66 18 96 18  0  0  0  0  0  0  0  0  0
69 18 18 18 67 67 47  0  0  0  0  0  0  0  0  0
38 18 66 18 18  0  0  0  0  0  0  0  0  0  0  0
69 47 66  0  0  0  0  0  0  0  0  0  0  0  0  0
 0  0  0  0  0  0  0  0  0  0  0  0  0  0  0  0
 0  0  0  0  0  0  0  0  0  0  0  0  0  0  0  0
 0  0  0  0  0  0  0  0  0  0  0  0  0  0  0  0
 0  0  0  0  0  0  0  0  0  0  0  0  0  0  0  0
 0  0  0  0  0  0  0  0  0  0  0  0  0  0  0  0
 0  0  0  0  0  0  0  0  0  0  0  0  0  0  0  0
 0  0  0  0  0  0  0  0  0  0  0  0  0  0  0  0

[river_EW_a]
 0  0  0  0  0  0  0  0  0  0  0  0  0  0  0  0
 0  0  0  0  0  0  0  0  0  0  0  0  0  0  0  0
 0  0  0  0  0  0  0  0  0  0  0  0  0  0  0  0
 0  0  0  0  0  0  0  0  0  0  0  0  0  0  0  0
 0  0  0  0  0  0  0  0  0  0  0  0  0  0  0  0
 0  0  0  0  0  0  0  0  0  0  0  0  0  0  0  0
69 47 66  0  0  0  0  0  0  0  0 66 66 66 66 66
38 18 66 18  0  0  0  0  0  0 66 18 66 67 18 18
69 47 18 18 18  0  0  0 66 66 18 66 18 66 66 66
 0  0 66 66 38 18 66 38 18 96 18  0  0  0  0  0
 0  0  0 66 18 18 18 18 66 18  0  0  0  0  0  0
 0  0  0  0 66 66 66 66  0  0  0  0  0  0  0  0
 0  0  0  0  0  0  0  0  0  0  0  0  0  0  0  0
 0  0  0  0  0  0  0  0  0  0  0  0  0  0  0  0
 0  0  0  0  0  0  0  0  0  0  0  0  0  0  0  0
 0  0  0  0  0  0  0  0  0  0  0  0  0  0  0  0

[river_EW_b]
 0  0  0  0  0  0  0  0  0  0  0  0  0  0  0  0
 0  0  0  0  0  0  0  0  0  0  0  0  0  0  0  0
 0  0  0  0  0  0  0  0  0  0  0  0  0  0  0  0
 0  0  0  0  0  0  0  0  0  0 109 66 66  0  0  0
 0  0  0  0  0  0  0 66  0 18 18 18 66  0  0  0
 0 109  0  0  0  0  0 109 18 67 66 18 18 66  0  0
69 47 66 66 47 66 47 18 18 68 66 18 68 66 66 66
68 67 66 66  0 109 18 96 18 66  0 66 67 66 18 18
69 47 18 18  0 18 67 18 66  0  0 66 66 66 66 66
 0 66 18 66 18 68 18 66  0  0  0  0  0  0  0  0
 0  0 66 18 18 18 66  0  0  0  0  0  0  0  0  0
 0  0 66 66 66  0  0  0  0  0  0  0  0  0  0  0
 0  0  0  0  0  0  0  0  0  0  0  0  0  0  0  0
 0  0  0  0  0  0  0  0  0  0  0  0  0  0  0  0
 0  0  0  0  0  0  0  0  0  0  0  0  0  0  0  0
 0  0  0  0  0  0  0  0  0  0  0  0  0  0  0  0

[river_NEW]
 0  0  0  0  0  0 66 97 66  0  0  0  0  0  0  0
 0  0  0  0  0  0 66 98 66  0  0  0  0  0  0  0
 0  0  0  0  0  0 66 18 66  0  0  0  0  0  0  0
 0  0  0  0  0 66 18 18 18  0  0  0  0  0  0  0
 0  0  0  0  0  0 18 66 18  0  0  0  0  0  0  0
 0 109  0  0  0  0 18 67 18 66  0 66  0  0  0  0
69 47 66 66 47 66 18 68 18  0  0 66 66 66 66 66
68 67 66 18 66 109 18 18 18 66 66 18 67 66 18 18
69 47 18 18 18 66 66 18 66 109 18 98 18 66 66 66
 0  0 66 96 68 67 66 18 18 68 67 66 109  0  0  0
 0  0  0 66 18 18 18 18 18 18 18 66  0  0  0  0
 0  0  0  0 66 66 66 66  0  0 109  0  0  0  0  0
 0  0  0  0  0  0  0  0  0  0  0  0  0  0  0  0
 0  0  0  0  0  0  0  0  0  0  0  0  0  0  0  0
 0  0  0  0  0  0  0  0  0  0  0  0  0  0  0  0
 0  0  0  0  0  0  0  0  0  0  0  0  0  0  0  0

[river_SW_a]
 0  0  0  0  0  0  0  0  0  0  0  0  0  0  0  0
 0  0  0  0  0  0  0  0  0  0  0  0  0  0  0  0
 0  0  0  0  0  0  0  0  0  0  0  0  0  0  0  0
 0  0  0  0  0  0  0  0  0  0  0  0  0  0  0  0
 0  0  0  0  0  0  0  0  0  0  0  0  0  0  0  0
 0 18 18  0  0  0  0  0  0  0  0  0  0  0  0  0
69 47 66 18 18 18 47 66  0  0  0  0  0  0  0  0
68 97 66 18 38 18 66 18 66  0  0  0  0  0  0  0
69 47 66 18 18 18 18 18 66  0  0  0  0  0  0  0
 0  0  0  0  0 66 18 38 18  0  0  0  0  0  0  0
 0  0  0  0  0  0 18 18 18 66  0  0  0  0  0  0
 0  0  0  0  0  0 18 66 18  0  0  0  0  0  0  0
 0  0  0  0  0 66 66 66 66  0  0  0  0  0  0  0
 0  0  0  0  0  0 66 18 66 66  0  0  0  0  0  0
 0  0  0  0  0  0 0 66 66 66  0  0  0  0  0  0
 0  0  0  0  0  0 66 18 66  0  0  0  0  0  0  0

[river_SW_b]
 0  0  0  0  0  0  0  0  0  0  0  0  0  0  0  0
 0  0  0  0  0  0  0  0  0  0  0  0  0  0  0  0
 0  0  0  0  0  0  0  0  0  0  0  0  0  0  0  0
 0  0  0  0  0  0  0  0  0  0  0  0  0  0  0  0
 0  0  0  0  0  0  0  0  0  0  0  0  0  0  0  0
 0 109  0  0  0  0  0  0  0  0  0  0  0  0  0  0
69 47 66 66 47  0  0  0  0  0  0  0  0  0  0  0
68 97 66 18 18 109  0  0  0  0  0  0  0  0  0  0
69 18 18 18 68 18 66 66  0  0  0  0  0  0  0  0
 0  0 66 66 18 67 18 66  0  0  0  0  0  0  0  0
 0  0  0  0 66 18 96 18 47  0  0  0  0  0  0  0
 0  0  0  0 66 66 68 18  0  0  0  0  0  0  0  0
 0  0  0  0  0 66 18 67 109  0  0  0  0  0  0  0
 0  0  0  0  0  0 18 18 66 66  0  0  0  0  0  0
 0  0  0  0  0  0 109 68 66 66  0  0  0  0  0  0
 0  0  0  0  0  0 66 67 109  0  0  0  0  0  0  0

[river_NSW]
 0  0  0  0  0  0 66 18 66  0  0  0  0  0  0  0
 0  0  0  0  0  0 66 66 66  0  0  0  0  0  0  0
 0  0  0  0  0  0  0 18 67 66 66  0  0  0  0  0
 0  0  0  0  0  0  0 18 18 68 109  0  0  0  0  0
 0  0  0  0  0  0 66 66 18 18 18 66  0  0  0  0
 0 109  0 109  0  0  0  0 66 18 18 66  0  0  0  0
69 47 66 18 18 18 18 18 66 18 18 66  0  0  0  0
68 67 96 18 18 67 66 18 18 18 18 66  0  0  0  0
69 47 66 18 18 18 18 18 66 68 18 66  0  0  0  0
 0  0  0  0  0 66  0 66 66 67 18 66  0  0  0  0
 0  0  0  0  0  0  0  0 18 66 18  0  0  0  0  0
 0  0  0  0  0  0 66 18 18 18 109  0  0  0  0  0
 0  0  0  0  0 66 66 68 66 66 47  0  0  0  0  0
 0  0  0  0  0  0 66 67 66 66  0  0  0  0  0  0
 0  0  0  0  0  0 109 66 66 66  0  0  0  0  0  0
 0  0  0  0  0  0 66 18 109  0  0  0  0  0  0  0

[river_ESW]
 0  0  0  0  0  0  0  0  0  0  0  0  0  0  0  0
 0  0  0  0  0  0  0  0  0  0  0  0  0  0  0  0
 0  0  0  0  0  0  0  0  0  0  0  0  0  0  0  0
 0  0  0  0  0  0  0  0  0  0  0  0  0  0  0  0
 0  0  0  0  0  0  0  0  0  0  0  0  0  0  0  0
 0 109  0  0  0  0  0  0  0  0  0 66  0  0  0  0
69 47 66 66 47 66 47 18 66  0  0 66 66 66 66 66
67 18 66 18 66 109 18 18 18 66 66 18 66 96 18 18
69 47 18 18 18 66 18 18 18 109 18 66 18 66 66 66
 0  0 66 96 18 66 18 18 18 66 18 96 109  0  0  0
 0  0  0 66 18 18 18 18 18 18 18 66  0  0  0  0
 0  0  0  0 66 66 18 66 18  0 109  0  0  0  0  0
 0  0  0  0  0 66 66 66 109 66  0  0  0  0  0  0
 0  0  0  0  0  0 66 18 66 66  0  0  0  0  0  0
 0  0  0  0  0  0 109 96 66 66  0  0  0  0  0  0
 0  0  0  0  0  0 66 18 109  0  0  0  0  0  0  0

[river_NESW]
 0  0  0  0  0  0 66 18 66  0  0  0  0  0  0  0
 0  0  0  0  0  0 66 96 66  0  0  0  0  0  0  0
 0  0  0  0  0  0  0 18 18 66 66  0  0  0  0  0
 0  0  0  0  0  0  0 18 18 18  0  0  0  0  0  0
 0  0  0  0  0  0 66 66 18 18 18 66  0  0  0  0
 0  0  0  0  0  0  0  0 66 18 18 66  0  0  0  0
69 47 66 66 47  0  0 66 66 18 18 66 66 66 66 66
67 18 96 18 66  0  0  0 66 18 18 18 66 66 18 18
69 47 18 18 18 66 66 66 66 66 18 66 18 66 66 66
 0  0 66 66 18 66 18 18 18 66 18 66  0  0  0  0
 0  0  0 66 18 18 18 18 18 66 18 66  0  0  0  0
 0  0  0  0 66 66 66 18 18 18 67  0  0  0  0  0
 0  0  0  0  0 66 66 66 96 66 47  0  0  0  0  0
 0  0  0  0  0  0 66 18 66 66  0  0  0  0  0  0
 0  0  0  0  0  0  0 66 66 66  0  0  0  0  0  0
 0  0  0  0  0  0 66 18 109  0  0  0  0  0  0  0

[rivermouth_N]
 0  0  0  0 18 38 38 98 38 38 38 18  0  0  0  0
 0  0  0  0  0 66 18 18 97 18 18  0  0  0  0  0
 0  0  0  0  0  0 18 18 96 18  0  0  0  0  0  0
 0  0  0  0  0  0 18 95 18 18  0  0  0  0  0  0
 0  0  0  0  0  0 18 18 18 18  0  0  0  0  0  0
 0  0  0  0  0  0 66 18 18 66  0  0  0  0  0  0
 0  0  0  0  0 66 18 66 18  0  0  0  0  0  0  0
 0  0  0  0  0 66 18 18 18  0  0  0  0  0  0  0
 0  0  0  0  0 66 18 18 18  0  0  0  0  0  0  0
 0  0  0  0  0 66 68 18 66  0  0  0  0  0  0  0
 0  0  0  0  0 66 67 18 47  0  0  0  0  0  0  0
 0  0  0  0  0  0 18 66 18  0  0  0  0  0  0  0
 0  0  0  0  0  0 66 66 18 66  0  0  0  0  0  0
 0  0  0  0  0  0 66 18 18 66  0  0  0  0  0  0
 0  0  0  0  0  0 18 66 66 66  0  0  0  0  0  0
 0  0  0  0  0  0 66 18 18  0  0  0  0  0  0  0

[rivermouth_E]
 0  0  0  0  0  0  0  0  0  0  0  0  0  0  0  0
 0  0  0  0  0  0  0  0  0  0  0  0  0  0  0  0
 0  0  0  0  0  0  0  0  0  0  0  0  0  0  0  0
 0  0  0  0  0  0  0  0  0  0  0  0  0  0  0  0
 0  0  0  0  0  0  0  0  0  0  0  0  0  0  0 97
 0  0  0 66  0 66 66 66 109 66  0  0  0 18 96 38
69 109 66 66 18 18 18 18 18 18 66 18 18 18 18 38
67 66 18 66 66 18 18 18 18 66 18 18 18 18 18 38
109 66 18 18 18 47 66 18 18 18 18 18 18 18 18 38
 0 66 66 66  0 66  0  0 66  0 66 18 18 18 18 38
 0  0  0  0  0  0  0  0  0  0  0  0  0 18 18 38
 0  0  0  0  0  0  0  0  0  0  0  0  0  0  0 97
 0  0  0  0  0  0  0  0  0  0  0  0  0  0  0  0
 0  0  0  0  0  0  0  0  0  0  0  0  0  0  0  0
 0  0  0  0  0  0  0  0  0  0  0  0  0  0  0  0
 0  0  0  0  0  0  0  0  0  0  0  0  0  0  0  0

[rivermouth_S]
 0  0  0  0  0  0  0 38 18 66  0  0  0  0  0  0
 0  0  0  0  0  0 66 66 66 18  0  0  0  0  0  0
 0  0  0  0  0  0 66 18 67 66  0  0  0  0  0  0
 0  0  0  0  0  0 66 18 68 66 66  0  0  0  0  0
 0  0  0  0  0  0  0 18 66 18  0  0  0  0  0  0
 0  0  0  0  0  0 66 47 18 18 66  0  0  0  0  0
 0  0  0  0  0  0  0 66 18 18 66  0  0  0  0  0
 0  0  0  0  0  0  0 18 18 18 66  0  0  0  0  0
 0  0  0  0  0  0 66 18 18 18  0  0  0  0  0  0
 0  0  0  0  0  0  0 18 38 18 66  0  0  0  0  0
 0  0  0  0  0  0 66 18 18 66  0  0  0  0  0  0
 0  0  0  0  0  0 18 18 18 18  0  0  0  0  0  0
 0  0  0  0  0  0 18 18 18 18  0  0  0  0  0  0
 0  0  0  0  0 18 18 18 96 18 18  0  0  0  0  0
 0  0  0  0  0 18 18 18 97 18 66  0  0  0  0  0
 0  0  0  0 18 38 38 98 98 38 38 66  0  0  0  0

[rivermouth_W]
 0  0  0  0  0  0  0  0  0  0  0  0  0  0  0  0
 0  0  0  0  0  0  0  0  0  0  0  0  0  0  0  0
 0  0  0  0  0  0  0  0  0  0  0  0  0  0  0  0
 0  0  0  0  0  0  0  0  0  0  0  0  0  0  0  0
18  0  0  0  0  0  0  0  0  0  0  0  0  0  0  0
38 66 18  0  0  0  0  0  0  0  0  0  0  0  0  0
98 18 18 18 18 66  0 66  0  0 66  0 66 66 66  0
38 18 18 18 18 18 66 18 18 66 47 18 18 18 66 38
98 38 67 36 65 18 18 18 18 18 18 66 18 67 66 18
38 18 18 18 18 66 18 18 18 18 18 18 66 66 38 66
38 66 18  0  0  0 66  0 66 66 66  0 66  0  0  0
18  0  0  0  0  0  0  0  0  0  0  0  0  0  0  0
 0  0  0  0  0  0  0  0  0  0  0  0  0  0  0  0
 0  0  0  0  0  0  0  0  0  0  0  0  0  0  0  0
 0  0  0  0  0  0  0  0  0  0  0  0  0  0  0  0
 0  0  0  0  0  0  0  0  0  0  0  0  0  0  0  0
