# unit_tiles.txt
#
# Hand-crafted 16x16 unit tile overrides, using the same format as free_tiles.txt.
#
# Format:
#   [UnitTypeName]        -- section header; name matches the UnitType enum (case-insensitive)
#   16 rows of 16 space- or comma-separated palette indices (256 values total)
#   Index 0 = transparent (shows the BG0 background underneath)
#
# Sections defined here override any matching PNG file in this directory.
# PNG files are loaded first; txt sections win if both exist for the same unit.
#
# Example:
#
# [Cavalry]
#  0  0  0  0  0  0  0  0  0  0  0  0  0  0  0  0
#  0  0  0  0  0  0  0  0  0  0  0  0  0  0  0  0
#  0  0  0  0  0  0  0  0  0  0  0  0  0  0  0  0
#  0  0  0  0  0  0  0  0  0  0  0  0  0  0  0  0
#  0  0  0  0  0  0  0  0  0  0  0  0  0  0  0  0
#  0  0  0  0  0  0  0  0  0  0  0  0  0  0  0  0
#  0  0  0  0  0  0  0  0  0  0  0  0  0  0  0  0
#  0  0  0  0  0  0  0  0  0  0  0  0  0  0  0  0
#  0  0  0  0  0  0  0  0  0  0  0  0  0  0  0  0
#  0  0  0  0  0  0  0  0  0  0  0  0  0  0  0  0
#  0  0  0  0  0  0  0  0  0  0  0  0  0  0  0  0
#  0  0  0  0  0  0  0  0  0  0  0  0  0  0  0  0
#  0  0  0  0  0  0  0  0  0  0  0  0  0  0  0  0
#  0  0  0  0  0  0  0  0  0  0  0  0  0  0  0  0
#  0  0  0  0  0  0  0  0  0  0  0  0  0  0  0  0
#  0  0  0  0  0  0  0  0  0  0  0  0  0  0  0  0
#
[Diplomat]
0  0  0  0  0  0  0  0  0  0  0  0  0  0  0  0
0  0  0  0  0  0  0  0  0  0  0  0  0  0  0  0
0  0  0 13 13 11  0  0  0  0  0  0  0  0  0  0
0  0  0 13 12 11  0  9  9  9  9  9  9  9  0  0
0  0  0 13 12 11  0  0  0  0  0  0  0  0  0  0
0  0 12 12 12 11 11  0  9  9  9  9  9  9  0  0
0  0  0 12 12 11  0  0  0  0  0  0  0  0  0  0
0  0  0 12 12 11  0  0  0  0  0  0  0  0  0  0
0  0  0  0 11  0 13 13 13 13 13 13 13 12  0  0
0  0  0  0  0  0 12 13  9  9  9  9 13 12  0  0
0  0  0  0  0  0 12  9 13  9  9 13  9 12  0  0
0  0  9  9  9  0 12  9  9 13 13  9  9 12  0  0
0  0  0  0  0  0 12  9  9  9  9  9  9 12  0  0
0  0  9  9  9  0 12 12 12 12 12 12 12 11  0  0
0  0  0  0  0  0  0  0  0  0  0  0  0  0  0  0
0  0  0  0  0  0  0  0  0  0  0  0  0  0  0  0
#
[Settlers]
0  0  0  0  0  0  0  0  0  0  0  0  0  0  0  0
0  0  0  0  0  0  0  0  0  0  0  0  0  0  0  0
0  0  0  0 13  0  0 13 13 13  0  0  0  0  0  0
0  0  0 13 12 12  0  0  0 12 12  0  0  0  0  0
0  0 13 12 12 12 11  0  0  0 11 12  0  0  0  0
0  0  0 12 12 12 11  0  0 11 11 11 11  0  0  0
0  0  0  0 12 10 11  0 11 10  0  0 11 11  0  0
0  0  0  0  0  0 10 11  0  0  0  0  0 11  0  0
0  0  0  0  0  0  0 10 11  0  0  0  0 11  0  0
0  0  0  0  0 11 10  0 10 11  0  0  0 11  0  0
0  0  0  0 11 10  0  0  0 10 11  0  0  0  0  0
0  0  0 11 10  0  0  0  0  0 10 11  0  0  0  0
0  0 11 10  0  0  0  0  0  0  0 10 11  0  0  0
0  0 10  0  0  0  0  0  0  0  0  0 10  0  0  0
0  0  0  0  0  0  0  0  0  0  0  0  0  0  0  0
0  0  0  0  0  0  0  0  0  0  0  0  0  0  0  0
#
[Legion]
0  0  0  0  0  0  0  0  0  0  0  0  0  0  0  0
0  0  0  0  0  0  0  0  0  0  0  0  0  0  0  0
0  0  0  0  9  9  0  0  0  0  0 11  0  0  0  0
0  0  0  9  9  9  9  0  0  0 11 12 11  0  0  0
0  0  9  9  9  9  9  0  0  0  0 11  0  0  0  0
0  0  9 11 11 11 11  0  0  0  0 11  0  0  0  0
0  0 11 12 12 12 11  0  0 11 11 11 11 11  0  0
0  0 11 12 13 12 11  0  0  0 11 12 11  0  0  0
0  0 11 12 12 12 11  0  0  0 11 12 11  0  0  0
0  0 11 12 12 12 11  0  0  0 11 13 11  0  0  0
0  0  0 11 12 11  0  0  0  0 11 12 11  0  0  0
0  0  0  0 11  0  0  0  0  0 11 12 11  0  0  0
0  0  0  0  0  0  0  0  0  0  0 11  0  0  0  0
0  0  0  0  0  0  0  0  0  0  0  0  0  0  0  0
0  0  0  0  0  0  0  0  0  0  0  0  0  0  0  0
0  0  0  0  0  0  0  0  0  0  0  0  0  0  0  0
#
[Chariot]
0  0  0  0  0  0  0  0  0  0  0  0  0  0  0  0
0  0  0  0  0  0  0  0  0  0  0  0  0  0  0  0
0  0  0  0  0  0  0  0  0  0  0  0  0  0  0  0
0  0  0  0  0  0  0 13 13 13 13 13 13 13 13  0
0  0  0  0  0  0  0 13  9  9 12  9  9  9  9  0
0  0  0  0  0  0 13  9  9  9 11  0  0  0  0  0
0  0  0  0 13 13  9  9  9  9 11  0  0  0  0  0
0  0 13 13  9  9 13 13 13  9 11  0  0  0  0  0
0  0 12  9  9 13  9 11  9 12  0  0  0  0  0  0
0  0 12  9 13  9  9 11  9  9 12  0  0  0  0  0
0  0 12  9 12 11 11 12 11 11 11  0  0  0  0  0
0  0 12  9 11  9  9 11  9  9 11  0  0  0  0  0
0  0  0 12  9 11  9 11  9 11  0  0  0  0  0  0
0  0  0  0  0  0 11 11 11  0  0  0  0  0  0  0
0  0  0  0  0  0  0  0  0  0  0  0  0  0  0  0
0  0  0  0  0  0  0  0  0  0  0  0  0  0  0  0
#
[MechInf]
0  0  0  0  0  0  0  0  0  0  0  0  0  0  0  0
0  0  0  0  0  0  0  0  0  0  0  0  0  0  0  0
0  0  0  0  0  0  0  0  0  0  0  0  0  0  0  0
0  0  0  0  0  0  0  0  0  0  0  0  0  0  0  0
0  0  0  0  0  0  0  0  0  0  0  0  0  0  0  0
0  0 13 13 13 13 13 13 13  0  0  0  0  0  0  0
0  0  0  0  0  9  9  9  0  0  0  0  0  0  0  0
0  0  0  0  0 13 13 13 13 13 13 13 13  0  0  0
0  0  0  0 13  0  0  0  0  0  0  0  0 13  0  0
0  0  0 13  0  0  0  0  0  0  0  0  0 12  0  0
0  0 12  0  0  0  0  0  0  0  0  0  0  0  0  0
0  0  0 12 11  0  0  0 11  0  0  0 11  0  0  0
0  0  0 11 10  9  9 11 10  9  9 11 10  9  0  0
0  0  0  0  9  0  0  0  9  0  0  0  9  0  0  0
0  0  0  0  0  0  0  0  0  0  0  0  0  0  0  0
0  0  0  0  0  0  0  0  0  0  0  0  0  0  0  0
